 40.0000   0.0000 1.000
 42.8995   2.6990 1.000
 45.4200   5.7379 1.000
 47.3606   9.0345 1.000
 48.5569  12.4673 1.000
 48.8964  15.8874 1.000
 48.3264  19.1338 1.000
 46.8587  22.0500 1.000
 44.5671  24.5010 1.000
 41.5799  26.3874 1.000
 38.0670  27.6573 1.000
 34.2243  28.3128 1.000
 30.2551  28.4114 1.000
 26.3523  28.0624 1.000
 22.6811  27.4168 1.000
 19.3655  26.6543 1.000
 16.4787  25.9663 1.000
 14.0393  25.5374 1.000
 12.0123  25.5275 1.000
 10.3162  26.0558 1.000
  8.8340  27.1882 1.000
  7.4279  28.9297 1.000
  5.9560  31.2224 1.000
  4.2888  33.9491 1.000
  2.3242  36.9427 1.000
 -0.0000  40.0000 1.000
 -2.6990  42.8995 1.000
 -5.7379  45.4200 1.000
 -9.0345  47.3606 1.000
-12.4673  48.5569 1.000
-15.8874  48.8964 1.000
-19.1338  48.3264 1.000
-22.0500  46.8587 1.000
-24.5010  44.5671 1.000
-26.3874  41.5799 1.000
-27.6573  38.0670 1.000
-28.3128  34.2243 1.000
-28.4114  30.2551 1.000
-28.0624  26.3523 1.000
-27.4168  22.6811 1.000
-26.6543  19.3655 1.000
-25.9663  16.4787 1.000
-25.5374  14.0393 1.000
-25.5275  12.0123 1.000
-26.0558  10.3162 1.000
-27.1882   8.8340 1.000
-28.9297   7.4279 1.000
-31.2224   5.9560 1.000
-33.9491   4.2888 1.000
-36.9427   2.3242 1.000
-40.0000  -0.0000 1.000
-42.8995  -2.6990 1.000
-45.4200  -5.7379 1.000
-47.3606  -9.0345 1.000
-48.5569 -12.4673 1.000
-48.8964 -15.8874 1.000
-48.3264 -19.1338 1.000
-46.8587 -22.0500 1.000
-44.5671 -24.5010 1.000
-41.5799 -26.3874 1.000
-38.0670 -27.6573 1.000
-34.2243 -28.3128 1.000
-30.2551 -28.4114 1.000
-26.3523 -28.0624 1.000
-22.6811 -27.4168 1.000
-19.3655 -26.6543 1.000
-16.4787 -25.9663 1.000
-14.0393 -25.5374 1.000
-12.0123 -25.5275 1.000
-10.3162 -26.0558 1.000
 -8.8340 -27.1882 1.000
 -7.4279 -28.9297 1.000
 -5.9560 -31.2224 1.000
 -4.2888 -33.9491 1.000
 -2.3242 -36.9427 1.000
 -0.0000 -40.0000 1.000
  2.6990 -42.8995 1.000
  5.7379 -45.4200 1.000
  9.0345 -47.3606 1.000
 12.4673 -48.5569 1.000
 15.8874 -48.8964 1.000
 19.1338 -48.3264 1.000
 22.0500 -46.8587 1.000
 24.5010 -44.5671 1.000
 26.3874 -41.5799 1.000
 27.6573 -38.0670 1.000
 28.3128 -34.2243 1.000
 28.4114 -30.2551 1.000
 28.0624 -26.3523 1.000
 27.4168 -22.6811 1.000
 26.6543 -19.3655 1.000
 25.9663 -16.4787 1.000
 25.5374 -14.0393 1.000
 25.5275 -12.0123 1.000
 26.0558 -10.3162 1.000
 27.1882  -8.8340 1.000
 28.9297  -7.4279 1.000
 31.2224  -5.9560 1.000
 33.9491  -4.2888 1.000
 36.9427  -2.3242 1.000
       =        =     =
 40.0017   0.1250 0.975
 42.7913   2.8093 0.975
 45.1560   5.8137 0.975
 46.9072   9.0492 0.975
 47.8961  12.3905 0.975
 48.0269  15.6893 0.975
 47.2639  18.7886 0.975
 45.6343  21.5401 0.975
 43.2248  23.8193 0.975
 40.1722  25.5397 0.975
 36.6509  26.6626 0.975
 32.8563  27.2027 0.975
 28.9867  27.2279 0.975
 25.2259  26.8548 0.975
 21.7273  26.2376 0.975
 18.6009  25.5548 0.975
 15.9059  24.9917 0.975
 13.6478  24.7229 0.975
 11.7808  24.8949 0.975
 10.2156  25.6111 0.975
  8.8315  26.9209 0.975
  7.4909  28.8133 0.975
  6.0561  31.2167 0.975
  4.4048  34.0033 0.975
  2.4450  36.9997 0.975
  0.1250  40.0017 0.975
 -2.5593  42.7913 0.975
 -5.5637  45.1560 0.975
 -8.7992  46.9072 0.975
-12.1405  47.8961 0.975
-15.4393  48.0269 0.975
-18.5386  47.2639 0.975
-21.2901  45.6343 0.975
-23.5693  43.2248 0.975
-25.2897  40.1722 0.975
-26.4126  36.6509 0.975
-26.9527  32.8563 0.975
-26.9779  28.9867 0.975
-26.6048  25.2259 0.975
-25.9876  21.7273 0.975
-25.3048  18.6009 0.975
-24.7417  15.9059 0.975
-24.4729  13.6478 0.975
-24.6449  11.7808 0.975
-25.3611  10.2156 0.975
-26.6709   8.8315 0.975
-28.5633   7.4909 0.975
-30.9667   6.0561 0.975
-33.7533   4.4048 0.975
-36.7497   2.4450 0.975
-39.7517   0.1250 0.975
-42.5413  -2.5593 0.975
-44.9060  -5.5637 0.975
-46.6572  -8.7992 0.975
-47.6461 -12.1405 0.975
-47.7769 -15.4393 0.975
-47.0139 -18.5386 0.975
-45.3843 -21.2901 0.975
-42.9748 -23.5693 0.975
-39.9222 -25.2897 0.975
-36.4009 -26.4126 0.975
-32.6063 -26.9527 0.975
-28.7367 -26.9779 0.975
-24.9759 -26.6048 0.975
-21.4773 -25.9876 0.975
-18.3509 -25.3048 0.975
-15.6559 -24.7417 0.975
-13.3978 -24.4729 0.975
-11.5308 -24.6449 0.975
 -9.9656 -25.3611 0.975
 -8.5815 -26.6709 0.975
 -7.2409 -28.5633 0.975
 -5.8061 -30.9667 0.975
 -4.1548 -33.7533 0.975
 -2.1950 -36.7497 0.975
  0.1250 -39.7517 0.975
  2.8093 -42.5413 0.975
  5.8137 -44.9060 0.975
  9.0492 -46.6572 0.975
 12.3905 -47.6461 0.975
 15.6893 -47.7769 0.975
 18.7886 -47.0139 0.975
 21.5401 -45.3843 0.975
 23.8193 -42.9748 0.975
 25.5397 -39.9222 0.975
 26.6626 -36.4009 0.975
 27.2027 -32.6063 0.975
 27.2279 -28.7367 0.975
 26.8548 -24.9759 0.975
 26.2376 -21.4773 0.975
 25.5548 -18.3509 0.975
 24.9917 -15.6559 0.975
 24.7229 -13.3978 0.975
 24.8949 -11.5308 0.975
 25.6111  -9.9656 0.975
 26.9209  -8.5815 0.975
 28.8133  -7.2409 0.975
 31.2167  -5.8061 0.975
 34.0033  -4.1548 0.975
 36.9997  -2.1950 0.975
       =        =     =
 39.9536   0.2500 0.950
 42.6195   2.9157 0.950
 44.8190   5.8804 0.950
 46.3763   9.0491 0.950
 47.1586  12.2941 0.950
 47.0864  15.4681 0.950
 46.1407  18.4194 0.950
 44.3631  21.0081 0.950
 41.8516  23.1207 0.950
 38.7508  24.6833 0.950
 35.2378  25.6701 0.950
 31.5063  26.1074 0.950
 27.7486  26.0729 0.950
 24.1387  25.6889 0.950
 20.8175  25.1118 0.950
 17.8814  24.5175 0.950
 15.3758  24.0844 0.950
 13.2937  23.9764 0.950
 11.5793  24.3260 0.950
 10.1368  25.2212 0.950
  8.8426  26.6952 0.950
  7.5604  28.7221 0.950
  6.1573  31.2173 0.950
  4.5192  34.0440 0.950
  2.5636  37.0241 0.950
  0.2500  39.9536 0.950
 -2.4157  42.6195 0.950
 -5.3804  44.8190 0.950
 -8.5491  46.3763 0.950
-11.7941  47.1586 0.950
-14.9681  47.0864 0.950
-17.9194  46.1407 0.950
-20.5081  44.3631 0.950
-22.6207  41.8516 0.950
-24.1833  38.7508 0.950
-25.1701  35.2378 0.950
-25.6074  31.5063 0.950
-25.5729  27.7486 0.950
-25.1889  24.1387 0.950
-24.6118  20.8175 0.950
-24.0175  17.8814 0.950
-23.5844  15.3758 0.950
-23.4764  13.2937 0.950
-23.8260  11.5793 0.950
-24.7212  10.1368 0.950
-26.1952   8.8426 0.950
-28.2221   7.5604 0.950
-30.7173   6.1573 0.950
-33.5440   4.5192 0.950
-36.5241   2.5636 0.950
-39.4536   0.2500 0.950
-42.1195  -2.4157 0.950
-44.3190  -5.3804 0.950
-45.8763  -8.5491 0.950
-46.6586 -11.7941 0.950
-46.5864 -14.9681 0.950
-45.6407 -17.9194 0.950
-43.8631 -20.5081 0.950
-41.3516 -22.6207 0.950
-38.2508 -24.1833 0.950
-34.7378 -25.1701 0.950
-31.0063 -25.6074 0.950
-27.2486 -25.5729 0.950
-23.6387 -25.1889 0.950
-20.3175 -24.6118 0.950
-17.3814 -24.0175 0.950
-14.8758 -23.5844 0.950
-12.7937 -23.4764 0.950
-11.0793 -23.8260 0.950
 -9.6368 -24.7212 0.950
 -8.3426 -26.1952 0.950
 -7.0604 -28.2221 0.950
 -5.6573 -30.7173 0.950
 -4.0192 -33.5440 0.950
 -2.0636 -36.5241 0.950
  0.2500 -39.4536 0.950
  2.9157 -42.1195 0.950
  5.8804 -44.3190 0.950
  9.0491 -45.8763 0.950
 12.2941 -46.6586 0.950
 15.4681 -46.5864 0.950
 18.4194 -45.6407 0.950
 21.0081 -43.8631 0.950
 23.1207 -41.3516 0.950
 24.6833 -38.2508 0.950
 25.6701 -34.7378 0.950
 26.1074 -31.0063 0.950
 26.0729 -27.2486 0.950
 25.6889 -23.6387 0.950
 25.1118 -20.3175 0.950
 24.5175 -17.3814 0.950
 24.0844 -14.8758 0.950
 23.9764 -12.7937 0.950
 24.3260 -11.0793 0.950
 25.2212  -9.6368 0.950
 26.6952  -8.3426 0.950
 28.7221  -7.0604 0.950
 31.2173  -5.6573 0.950
 34.0440  -4.0192 0.950
 37.0241  -2.0636 0.950
       =        =     =
 39.8515   0.3750 0.925
 42.3815   3.0178 0.925
 44.4079   5.9376 0.925
 45.7687   9.0343 0.925
 46.3466  12.1785 0.925
 46.0789  15.2251 0.925
 44.9618  18.0282 0.925
 43.0507  20.4567 0.925
 40.4538  22.4085 0.925
 37.3216  23.8220 0.925
 33.8331  24.6837 0.925
 30.1789  25.0310 0.925
 26.5444  24.9497 0.925
 23.0930  24.5672 0.925
 19.9530  24.0407 0.925
 17.2071  23.5424 0.925
 14.8875  23.2430 0.925
 12.9753  23.2949 0.925
 11.4058  23.8167 0.925
 10.0775  24.8808 0.925
  8.8651  26.5049 0.925
  7.6345  28.6491 0.925
  6.2585  31.2172 0.925
  4.6310  34.0647 0.925
  2.6799  37.0104 0.925
  0.3750  39.8515 0.925
 -2.2678  42.3815 0.925
 -5.1876  44.4079 0.925
 -8.2843  45.7687 0.925
-11.4285  46.3466 0.925
-14.4751  46.0789 0.925
-17.2782  44.9618 0.925
-19.7067  43.0507 0.925
-21.6585  40.4538 0.925
-23.0720  37.3216 0.925
-23.9337  33.8331 0.925
-24.2810  30.1789 0.925
-24.1997  26.5444 0.925
-23.8172  23.0930 0.925
-23.2907  19.9530 0.925
-22.7924  17.2071 0.925
-22.4930  14.8875 0.925
-22.5449  12.9753 0.925
-23.0667  11.4058 0.925
-24.1308  10.0775 0.925
-25.7549   8.8651 0.925
-27.8991   7.6345 0.925
-30.4672   6.2585 0.925
-33.3147   4.6310 0.925
-36.2604   2.6799 0.925
-39.1015   0.3750 0.925
-41.6315  -2.2678 0.925
-43.6579  -5.1876 0.925
-45.0187  -8.2843 0.925
-45.5966 -11.4285 0.925
-45.3289 -14.4751 0.925
-44.2118 -17.2782 0.925
-42.3007 -19.7067 0.925
-39.7038 -21.6585 0.925
-36.5716 -23.0720 0.925
-33.0831 -23.9337 0.925
-29.4289 -24.2810 0.925
-25.7944 -24.1997 0.925
-22.3430 -23.8172 0.925
-19.2030 -23.2907 0.925
-16.4571 -22.7924 0.925
-14.1375 -22.4930 0.925
-12.2253 -22.5449 0.925
-10.6558 -23.0667 0.925
 -9.3275 -24.1308 0.925
 -8.1151 -25.7549 0.925
 -6.8845 -27.8991 0.925
 -5.5085 -30.4672 0.925
 -3.8810 -33.3147 0.925
 -1.9299 -36.2604 0.925
  0.3750 -39.1015 0.925
  3.0178 -41.6315 0.925
  5.9376 -43.6579 0.925
  9.0343 -45.0187 0.925
 12.1785 -45.5966 0.925
 15.2251 -45.3289 0.925
 18.0282 -44.2118 0.925
 20.4567 -42.3007 0.925
 22.4085 -39.7038 0.925
 23.8220 -36.5716 0.925
 24.6837 -33.0831 0.925
 25.0310 -29.4289 0.925
 24.9497 -25.7944 0.925
 24.5672 -22.3430 0.925
 24.0407 -19.2030 0.925
 23.5424 -16.4571 0.925
 23.2430 -14.1375 0.925
 23.2949 -12.2253 0.925
 23.8167 -10.6558 0.925
 24.8808  -9.3275 0.925
 26.5049  -8.1151 0.925
 28.6491  -6.8845 0.925
 31.2172  -5.5085 0.925
 34.0647  -3.8810 0.925
 37.0104  -1.9299 0.925
       =        =     =
 39.6916   0.5000 0.900
 42.0750   3.1157 0.900
 43.9223   5.9855 0.900
 45.0855   9.0051 0.900
 45.4632  12.0446 0.900
 45.0084  14.9617 0.900
 43.7324  17.6169 0.900
 41.7030  19.8886 0.900
 39.0371  21.6860 0.900
 35.8904  22.9594 0.900
 32.4420  23.7072 0.900
 28.8785  23.9768 0.900
 25.3773  23.8613 0.900
 22.0909  23.4920 0.900
 19.1347  23.0254 0.900
 16.5779  22.6293 0.900
 14.4399  22.4658 0.900
 12.6910  22.6753 0.900
 11.2582  23.3623 0.900
 10.0356  24.5841 0.900
  8.8971  26.3436 0.900
  7.7117  28.5876 0.900
  6.3582  31.2099 0.900
  4.7396  34.0595 0.900
  2.7935  36.9534 0.900
  0.5000  39.6916 0.900
 -2.1157  42.0750 0.900
 -4.9855  43.9223 0.900
 -8.0051  45.0855 0.900
-11.0446  45.4632 0.900
-13.9617  45.0084 0.900
-16.6169  43.7324 0.900
-18.8886  41.7030 0.900
-20.6860  39.0371 0.900
-21.9594  35.8904 0.900
-22.7072  32.4420 0.900
-22.9768  28.8785 0.900
-22.8613  25.3773 0.900
-22.4920  22.0909 0.900
-22.0254  19.1347 0.900
-21.6293  16.5779 0.900
-21.4658  14.4399 0.900
-21.6753  12.6910 0.900
-22.3623  11.2582 0.900
-23.5841  10.0356 0.900
-25.3436   8.8971 0.900
-27.5876   7.7117 0.900
-30.2099   6.3582 0.900
-33.0595   4.7396 0.900
-35.9534   2.7935 0.900
-38.6916   0.5000 0.900
-41.0750  -2.1157 0.900
-42.9223  -4.9855 0.900
-44.0855  -8.0051 0.900
-44.4632 -11.0446 0.900
-44.0084 -13.9617 0.900
-42.7324 -16.6169 0.900
-40.7030 -18.8886 0.900
-38.0371 -20.6860 0.900
-34.8904 -21.9594 0.900
-31.4420 -22.7072 0.900
-27.8785 -22.9768 0.900
-24.3773 -22.8613 0.900
-21.0909 -22.4920 0.900
-18.1347 -22.0254 0.900
-15.5779 -21.6293 0.900
-13.4399 -21.4658 0.900
-11.6910 -21.6753 0.900
-10.2582 -22.3623 0.900
 -9.0356 -23.5841 0.900
 -7.8971 -25.3436 0.900
 -6.7117 -27.5876 0.900
 -5.3582 -30.2099 0.900
 -3.7396 -33.0595 0.900
 -1.7935 -35.9534 0.900
  0.5000 -38.6916 0.900
  3.1157 -41.0750 0.900
  5.9855 -42.9223 0.900
  9.0051 -44.0855 0.900
 12.0446 -44.4632 0.900
 14.9617 -44.0084 0.900
 17.6169 -42.7324 0.900
 19.8886 -40.7030 0.900
 21.6860 -38.0371 0.900
 22.9594 -34.8904 0.900
 23.7072 -31.4420 0.900
 23.9768 -27.8785 0.900
 23.8613 -24.3773 0.900
 23.4920 -21.0909 0.900
 23.0254 -18.1347 0.900
 22.6293 -15.5779 0.900
 22.4658 -13.4399 0.900
 22.6753 -11.6910 0.900
 23.3623 -10.2582 0.900
 24.5841  -9.0356 0.900
 26.3436  -7.8971 0.900
 28.5876  -6.7117 0.900
 31.2099  -5.3582 0.900
 34.0595  -3.7396 0.900
 36.9534  -1.7935 0.900
       =        =     =
 39.4709   0.6250 0.875
 41.6986   3.2091 0.875
 43.3624   6.0240 0.875
 44.3287   8.9619 0.875
 44.5116  11.8932 0.875
 43.8796  14.6793 0.875
 42.4580  17.1879 0.875
 40.3258  19.3068 0.875
 37.6077  20.9564 0.875
 34.4629  22.0992 0.875
 31.0695  22.7442 0.875
 27.6091  22.9482 0.875
 24.2502  22.8105 0.875
 21.1340  22.4648 0.875
 18.3629  22.0665 0.875
 15.9931  21.7774 0.875
 14.0316  21.7504 0.875
 12.4386  22.1138 0.875
 11.1341  22.9580 0.875
 10.0087  24.3254 0.875
  8.9364  26.2049 0.875
  7.7901  28.5312 0.875
  6.4554  31.1891 0.875
  4.8441  34.0228 0.875
  2.9040  36.8486 0.875
  0.6250  39.4709 0.875
 -1.9591  41.6986 0.875
 -4.7740  43.3624 0.875
 -7.7119  44.3287 0.875
-10.6432  44.5116 0.875
-13.4293  43.8796 0.875
-15.9379  42.4580 0.875
-18.0568  40.3258 0.875
-19.7064  37.6077 0.875
-20.8492  34.4629 0.875
-21.4942  31.0695 0.875
-21.6982  27.6091 0.875
-21.5605  24.2502 0.875
-21.2148  21.1340 0.875
-20.8165  18.3629 0.875
-20.5274  15.9931 0.875
-20.5004  14.0316 0.875
-20.8638  12.4386 0.875
-21.7080  11.1341 0.875
-23.0754  10.0087 0.875
-24.9549   8.9364 0.875
-27.2812   7.7901 0.875
-29.9391   6.4554 0.875
-32.7728   4.8441 0.875
-35.5986   2.9040 0.875
-38.2209   0.6250 0.875
-40.4486  -1.9591 0.875
-42.1124  -4.7740 0.875
-43.0787  -7.7119 0.875
-43.2616 -10.6432 0.875
-42.6296 -13.4293 0.875
-41.2080 -15.9379 0.875
-39.0758 -18.0568 0.875
-36.3577 -19.7064 0.875
-33.2129 -20.8492 0.875
-29.8195 -21.4942 0.875
-26.3591 -21.6982 0.875
-23.0002 -21.5605 0.875
-19.8840 -21.2148 0.875
-17.1129 -20.8165 0.875
-14.7431 -20.5274 0.875
-12.7816 -20.5004 0.875
-11.1886 -20.8638 0.875
 -9.8841 -21.7080 0.875
 -8.7587 -23.0754 0.875
 -7.6864 -24.9549 0.875
 -6.5401 -27.2812 0.875
 -5.2054 -29.9391 0.875
 -3.5941 -32.7728 0.875
 -1.6540 -35.5986 0.875
  0.6250 -38.2209 0.875
  3.2091 -40.4486 0.875
  6.0240 -42.1124 0.875
  8.9619 -43.0787 0.875
 11.8932 -43.2616 0.875
 14.6793 -42.6296 0.875
 17.1879 -41.2080 0.875
 19.3068 -39.0758 0.875
 20.9564 -36.3577 0.875
 22.0992 -33.2129 0.875
 22.7442 -29.8195 0.875
 22.9482 -26.3591 0.875
 22.8105 -23.0002 0.875
 22.4648 -19.8840 0.875
 22.0665 -17.1129 0.875
 21.7774 -14.7431 0.875
 21.7504 -12.7816 0.875
 22.1138 -11.1886 0.875
 22.9580  -9.8841 0.875
 24.3254  -8.7587 0.875
 26.2049  -7.6864 0.875
 28.5312  -6.5401 0.875
 31.1891  -5.2054 0.875
 34.0228  -3.5941 0.875
 36.8486  -1.6540 0.875
       =        =     =
 39.1866   0.7500 0.850
 41.2513   3.2981 0.850
 42.7289   6.0532 0.850
 43.5006   8.9051 0.850
 43.4956  11.7252 0.850
 42.6973  14.3795 0.850
 41.1442  16.7432 0.850
 38.9251  18.7139 0.850
 36.1715  20.2232 0.850
 33.0445  21.2447 0.850
 29.7203  21.7981 0.850
 26.3742  21.9482 0.850
 23.1654  21.7995 0.850
 20.2235  21.4871 0.850
 17.6378  21.1639 0.850
 15.4518  20.9852 0.850
 13.6608  21.0942 0.850
 12.2160  21.6066 0.850
 11.0312  22.5987 0.850
  9.9944  24.0987 0.850
  8.9810  26.0823 0.850
  7.8681  28.4733 0.850
  6.5489  31.1488 0.850
  4.9440  33.9493 0.850
  3.0113  36.6921 0.850
  0.7500  39.1866 0.850
 -1.7981  41.2513 0.850
 -4.5532  42.7289 0.850
 -7.4051  43.5006 0.850
-10.2252  43.4956 0.850
-12.8795  42.6973 0.850
-15.2432  41.1442 0.850
-17.2139  38.9251 0.850
-18.7232  36.1715 0.850
-19.7447  33.0445 0.850
-20.2981  29.7203 0.850
-20.4482  26.3742 0.850
-20.2995  23.1654 0.850
-19.9871  20.2235 0.850
-19.6639  17.6378 0.850
-19.4852  15.4518 0.850
-19.5942  13.6608 0.850
-20.1066  12.2160 0.850
-21.0987  11.0312 0.850
-22.5987   9.9944 0.850
-24.5823   8.9810 0.850
-26.9733   7.8681 0.850
-29.6488   6.5489 0.850
-32.4493   4.9440 0.850
-35.1921   3.0113 0.850
-37.6866   0.7500 0.850
-39.7513  -1.7981 0.850
-41.2289  -4.5532 0.850
-42.0006  -7.4051 0.850
-41.9956 -10.2252 0.850
-41.1973 -12.8795 0.850
-39.6442 -15.2432 0.850
-37.4251 -17.2139 0.850
-34.6715 -18.7232 0.850
-31.5445 -19.7447 0.850
-28.2203 -20.2981 0.850
-24.8742 -20.4482 0.850
-21.6654 -20.2995 0.850
-18.7235 -19.9871 0.850
-16.1378 -19.6639 0.850
-13.9518 -19.4852 0.850
-12.1608 -19.5942 0.850
-10.7160 -20.1066 0.850
 -9.5312 -21.0987 0.850
 -8.4944 -22.5987 0.850
 -7.4810 -24.5823 0.850
 -6.3681 -26.9733 0.850
 -5.0489 -29.6488 0.850
 -3.4440 -32.4493 0.850
 -1.5113 -35.1921 0.850
  0.7500 -37.6866 0.850
  3.2981 -39.7513 0.850
  6.0532 -41.2289 0.850
  8.9051 -42.0006 0.850
 11.7252 -41.9956 0.850
 14.3795 -41.1973 0.850
 16.7432 -39.6442 0.850
 18.7139 -37.4251 0.850
 20.2232 -34.6715 0.850
 21.2447 -31.5445 0.850
 21.7981 -28.2203 0.850
 21.9482 -24.8742 0.850
 21.7995 -21.6654 0.850
 21.4871 -18.7235 0.850
 21.1639 -16.1378 0.850
 20.9852 -13.9518 0.850
 21.0942 -12.1608 0.850
 21.6066 -10.7160 0.850
 22.5987  -9.5312 0.850
 24.0987  -8.4944 0.850
 26.0823  -7.4810 0.850
 28.4733  -6.3681 0.850
 31.1488  -5.0489 0.850
 33.9493  -3.4440 0.850
 36.6921  -1.5113 0.850
       =        =     =
 38.8370   0.8750 0.825
 40.7328   3.3826 0.825
 42.0232   6.0732 0.825
 42.6040   8.8352 0.825
 42.4194  11.5418 0.825
 41.4668  14.0641 0.825
 39.7967  16.2852 0.825
 37.5071  18.1128 0.825
 34.7343  19.4893 0.825
 31.6405  20.3994 0.825
 28.3986  20.8721 0.825
 25.1770  20.9794 0.825
 22.1250  20.8301 0.825
 19.3601  20.5596 0.825
 16.9590  20.3172 0.825
 14.9526  20.2512 0.825
 13.3257  20.4941 0.825
 12.0208  21.1491 0.825
 10.9469  22.2789 0.825
  9.9904  23.8979 0.825
  9.0287  25.9695 0.825
  7.9442  28.4076 0.825
  6.6375  31.0831 0.825
  5.0387  33.8342 0.825
  3.1151  36.4803 0.825
  0.8750  38.8370 0.825
 -1.6326  40.7328 0.825
 -4.3232  42.0232 0.825
 -7.0852  42.6040 0.825
 -9.7918  42.4194 0.825
-12.3141  41.4668 0.825
-14.5352  39.7967 0.825
-16.3628  37.5071 0.825
-17.7393  34.7343 0.825
-18.6494  31.6405 0.825
-19.1221  28.3986 0.825
-19.2294  25.1770 0.825
-19.0801  22.1250 0.825
-18.8096  19.3601 0.825
-18.5672  16.9590 0.825
-18.5012  14.9526 0.825
-18.7441  13.3257 0.825
-19.3991  12.0208 0.825
-20.5289  10.9469 0.825
-22.1479   9.9904 0.825
-24.2195   9.0287 0.825
-26.6576   7.9442 0.825
-29.3331   6.6375 0.825
-32.0842   5.0387 0.825
-34.7303   3.1151 0.825
-37.0870   0.8750 0.825
-38.9828  -1.6326 0.825
-40.2732  -4.3232 0.825
-40.8540  -7.0852 0.825
-40.6694  -9.7918 0.825
-39.7168 -12.3141 0.825
-38.0467 -14.5352 0.825
-35.7571 -16.3628 0.825
-32.9843 -17.7393 0.825
-29.8905 -18.6494 0.825
-26.6486 -19.1221 0.825
-23.4270 -19.2294 0.825
-20.3750 -19.0801 0.825
-17.6101 -18.8096 0.825
-15.2090 -18.5672 0.825
-13.2026 -18.5012 0.825
-11.5757 -18.7441 0.825
-10.2708 -19.3991 0.825
 -9.1969 -20.5289 0.825
 -8.2404 -22.1479 0.825
 -7.2787 -24.2195 0.825
 -6.1942 -26.6576 0.825
 -4.8875 -29.3331 0.825
 -3.2887 -32.0842 0.825
 -1.3651 -34.7303 0.825
  0.8750 -37.0870 0.825
  3.3826 -38.9828 0.825
  6.0732 -40.2732 0.825
  8.8352 -40.8540 0.825
 11.5418 -40.6694 0.825
 14.0641 -39.7168 0.825
 16.2852 -38.0467 0.825
 18.1128 -35.7571 0.825
 19.4893 -32.9843 0.825
 20.3994 -29.8905 0.825
 20.8721 -26.6486 0.825
 20.9794 -23.4270 0.825
 20.8301 -20.3750 0.825
 20.5596 -17.6101 0.825
 20.3172 -15.2090 0.825
 20.2512 -13.2026 0.825
 20.4941 -11.5757 0.825
 21.1491 -10.2708 0.825
 22.2789  -9.1969 0.825
 23.8979  -8.2404 0.825
 25.9695  -7.2787 0.825
 28.4076  -6.1942 0.825
 31.0831  -4.8875 0.825
 33.8342  -3.2887 0.825
 36.4803  -1.3651 0.825
       =        =     =
 38.4206   1.0000 0.800
 40.1433   3.4627 0.800
 41.2472   6.0844 0.800
 41.6424   8.7529 0.800
 41.2875  11.3441 0.800
 40.1935  13.7347 0.800
 38.4216  15.8163 0.800
 36.0776  17.5063 0.800
 33.3017  18.7580 0.800
 30.2557  19.5663 0.800
 27.1085  19.9689 0.800
 24.0205  20.0442 0.800
 21.1306  19.9039 0.800
 18.5443  19.6828 0.800
 16.3258  19.5257 0.800
 14.4941  19.5730 0.800
 13.0239  19.9466 0.800
 11.8505  20.7370 0.800
 10.8787  21.9933 0.800
  9.9943  23.7170 0.800
  9.0776  25.8603 0.800
  8.0167  28.3283 0.800
  6.7203  30.9869 0.800
  5.1276  33.6734 0.800
  3.2152  36.2102 0.800
  1.0000  38.4206 0.800
 -1.4627  40.1433 0.800
 -4.0844  41.2472 0.800
 -6.7529  41.6424 0.800
 -9.3441  41.2875 0.800
-11.7347  40.1935 0.800
-13.8163  38.4216 0.800
-15.5063  36.0776 0.800
-16.7580  33.3017 0.800
-17.5663  30.2557 0.800
-17.9689  27.1085 0.800
-18.0442  24.0205 0.800
-17.9039  21.1306 0.800
-17.6828  18.5443 0.800
-17.5257  16.3258 0.800
-17.5730  14.4941 0.800
-17.9466  13.0239 0.800
-18.7370  11.8505 0.800
-19.9933  10.8787 0.800
-21.7170   9.9943 0.800
-23.8603   9.0776 0.800
-26.3283   8.0167 0.800
-28.9869   6.7203 0.800
-31.6734   5.1276 0.800
-34.2102   3.2152 0.800
-36.4206   1.0000 0.800
-38.1433  -1.4627 0.800
-39.2472  -4.0844 0.800
-39.6424  -6.7529 0.800
-39.2875  -9.3441 0.800
-38.1935 -11.7347 0.800
-36.4216 -13.8163 0.800
-34.0776 -15.5063 0.800
-31.3017 -16.7580 0.800
-28.2557 -17.5663 0.800
-25.1085 -17.9689 0.800
-22.0205 -18.0442 0.800
-19.1306 -17.9039 0.800
-16.5443 -17.6828 0.800
-14.3258 -17.5257 0.800
-12.4941 -17.5730 0.800
-11.0239 -17.9466 0.800
 -9.8505 -18.7370 0.800
 -8.8787 -19.9933 0.800
 -7.9943 -21.7170 0.800
 -7.0776 -23.8603 0.800
 -6.0167 -26.3283 0.800
 -4.7203 -28.9869 0.800
 -3.1276 -31.6734 0.800
 -1.2152 -34.2102 0.800
  1.0000 -36.4206 0.800
  3.4627 -38.1433 0.800
  6.0844 -39.2472 0.800
  8.7529 -39.6424 0.800
 11.3441 -39.2875 0.800
 13.7347 -38.1935 0.800
 15.8163 -36.4216 0.800
 17.5063 -34.0776 0.800
 18.7580 -31.3017 0.800
 19.5663 -28.2557 0.800
 19.9689 -25.1085 0.800
 20.0442 -22.0205 0.800
 19.9039 -19.1306 0.800
 19.6828 -16.5443 0.800
 19.5257 -14.3258 0.800
 19.5730 -12.4941 0.800
 19.9466 -11.0239 0.800
 20.7370  -9.8505 0.800
 21.9933  -8.8787 0.800
 23.7170  -7.9943 0.800
 25.8603  -7.0776 0.800
 28.3283  -6.0167 0.800
 30.9869  -4.7203 0.800
 33.6734  -3.1276 0.800
 36.2102  -1.2152 0.800
       =        =     =
 37.9365   1.1250 0.775
 39.4838   3.5383 0.775
 40.4033   6.0870 0.775
 40.6195   8.6590 0.775
 40.1049  11.1333 0.775
 38.8830  13.3933 0.775
 37.0247  15.3387 0.775
 34.6425  16.8971 0.775
 31.8791  18.0322 0.775
 28.8949  18.7483 0.775
 25.8534  19.0913 0.775
 22.9069  19.1446 0.775
 20.1834  19.0220 0.775
 17.7761  18.8566 0.775
 15.7372  18.7881 0.775
 14.0743  18.9482 0.775
 12.7531  19.4479 0.775
 11.7024  20.3652 0.775
 10.8238  21.7361 0.775
 10.0037  23.5500 0.775
  9.1257  25.7485 0.775
  8.0843  28.2295 0.775
  6.7963  30.8551 0.775
  5.2102  33.4629 0.775
  3.3116  35.8796 0.775
  1.1250  37.9365 0.775
 -1.2883  39.4838 0.775
 -3.8370  40.4033 0.775
 -6.4090  40.6195 0.775
 -8.8833  40.1049 0.775
-11.1433  38.8830 0.775
-13.0887  37.0247 0.775
-14.6471  34.6425 0.775
-15.7822  31.8791 0.775
-16.4983  28.8949 0.775
-16.8413  25.8534 0.775
-16.8946  22.9069 0.775
-16.7720  20.1834 0.775
-16.6066  17.7761 0.775
-16.5381  15.7372 0.775
-16.6982  14.0743 0.775
-17.1979  12.7531 0.775
-18.1152  11.7024 0.775
-19.4861  10.8238 0.775
-21.3000  10.0037 0.775
-23.4985   9.1257 0.775
-25.9795   8.0843 0.775
-28.6051   6.7963 0.775
-31.2129   5.2102 0.775
-33.6296   3.3116 0.775
-35.6865   1.1250 0.775
-37.2338  -1.2883 0.775
-38.1533  -3.8370 0.775
-38.3695  -6.4090 0.775
-37.8549  -8.8833 0.775
-36.6330 -11.1433 0.775
-34.7747 -13.0887 0.775
-32.3925 -14.6471 0.775
-29.6291 -15.7822 0.775
-26.6449 -16.4983 0.775
-23.6034 -16.8413 0.775
-20.6569 -16.8946 0.775
-17.9334 -16.7720 0.775
-15.5261 -16.6066 0.775
-13.4872 -16.5381 0.775
-11.8243 -16.6982 0.775
-10.5031 -17.1979 0.775
 -9.4524 -18.1152 0.775
 -8.5738 -19.4861 0.775
 -7.7537 -21.3000 0.775
 -6.8757 -23.4985 0.775
 -5.8343 -25.9795 0.775
 -4.5463 -28.6051 0.775
 -2.9602 -31.2129 0.775
 -1.0616 -33.6296 0.775
  1.1250 -35.6865 0.775
  3.5383 -37.2338 0.775
  6.0870 -38.1533 0.775
  8.6590 -38.3695 0.775
 11.1333 -37.8549 0.775
 13.3933 -36.6330 0.775
 15.3387 -34.7747 0.775
 16.8971 -32.3925 0.775
 18.0322 -29.6291 0.775
 18.7483 -26.6449 0.775
 19.0913 -23.6034 0.775
 19.1446 -20.6569 0.775
 19.0220 -17.9334 0.775
 18.8566 -15.5261 0.775
 18.7881 -13.4872 0.775
 18.9482 -11.8243 0.775
 19.4479 -10.5031 0.775
 20.3652  -9.4524 0.775
 21.7361  -8.5738 0.775
 23.5500  -7.7537 0.775
 25.7485  -6.8757 0.775
 28.2295  -5.8343 0.775
 30.8551  -4.5463 0.775
 33.4629  -2.9602 0.775
 35.8796  -1.0616 0.775
       =        =     =
 37.3847   1.2500 0.750
 38.7555   3.6096 0.750
 39.4944   6.0814 0.750
 39.5395   8.5541 0.750
 38.8768  10.9109 0.750
 37.5410  13.0417 0.750
 35.6121  14.8549 0.750
 33.2076  16.2881 0.750
 30.4717  17.3148 0.750
 27.5623  17.9483 0.750
 24.6367  18.2414 0.750
 21.8383  18.2821 0.750
 19.2839  18.1850 0.750
 17.0550  18.0806 0.750
 15.1917  18.1026 0.750
 13.6912  18.3738 0.750
 12.5107  18.9940 0.750
 11.5737  20.0288 0.750
 10.7798  21.5018 0.750
 10.0161  23.3908 0.750
  9.1710  25.6283 0.750
  8.1454  28.1060 0.750
  6.8647  30.6834 0.750
  5.2862  33.1995 0.750
  3.4040  35.4867 0.750
  1.2500  37.3847 0.750
 -1.1096  38.7555 0.750
 -3.5814  39.4944 0.750
 -6.0541  39.5395 0.750
 -8.4109  38.8768 0.750
-10.5417  37.5410 0.750
-12.3549  35.6121 0.750
-13.7881  33.2076 0.750
-14.8148  30.4717 0.750
-15.4483  27.5623 0.750
-15.7414  24.6367 0.750
-15.7821  21.8383 0.750
-15.6850  19.2839 0.750
-15.5806  17.0550 0.750
-15.6026  15.1917 0.750
-15.8738  13.6912 0.750
-16.4940  12.5107 0.750
-17.5288  11.5737 0.750
-19.0018  10.7798 0.750
-20.8908  10.0161 0.750
-23.1283   9.1710 0.750
-25.6060   8.1454 0.750
-28.1834   6.8647 0.750
-30.6995   5.2862 0.750
-32.9867   3.4040 0.750
-34.8847   1.2500 0.750
-36.2555  -1.1096 0.750
-36.9944  -3.5814 0.750
-37.0395  -6.0541 0.750
-36.3768  -8.4109 0.750
-35.0410 -10.5417 0.750
-33.1121 -12.3549 0.750
-30.7076 -13.7881 0.750
-27.9717 -14.8148 0.750
-25.0623 -15.4483 0.750
-22.1367 -15.7414 0.750
-19.3383 -15.7821 0.750
-16.7839 -15.6850 0.750
-14.5550 -15.5806 0.750
-12.6917 -15.6026 0.750
-11.1912 -15.8738 0.750
-10.0107 -16.4940 0.750
 -9.0737 -17.5288 0.750
 -8.2798 -19.0018 0.750
 -7.5161 -20.8908 0.750
 -6.6710 -23.1283 0.750
 -5.6454 -25.6060 0.750
 -4.3647 -28.1834 0.750
 -2.7862 -30.6995 0.750
 -0.9040 -32.9867 0.750
  1.2500 -34.8847 0.750
  3.6096 -36.2555 0.750
  6.0814 -36.9944 0.750
  8.5541 -37.0395 0.750
 10.9109 -36.3768 0.750
 13.0417 -35.0410 0.750
 14.8549 -33.1121 0.750
 16.2881 -30.7076 0.750
 17.3148 -27.9717 0.750
 17.9483 -25.0623 0.750
 18.2414 -22.1367 0.750
 18.2821 -19.3383 0.750
 18.1850 -16.7839 0.750
 18.0806 -14.5550 0.750
 18.1026 -12.6917 0.750
 18.3738 -11.1912 0.750
 18.9940 -10.0107 0.750
 20.0288  -9.0737 0.750
 21.5018  -8.2798 0.750
 23.3908  -7.5161 0.750
 25.6283  -6.6710 0.750
 28.1060  -5.6454 0.750
 30.6834  -4.3647 0.750
 33.1995  -2.7862 0.750
 35.4867  -0.9040 0.750
       =        =     =
 36.7656   1.3750 0.725
 37.9606   3.6768 0.725
 38.5238   6.0680 0.725
 38.4069   8.4392 0.725
 37.6084  10.6782 0.725
 36.1735  12.6817 0.725
 34.1897  14.3672 0.725
 31.7785  15.6818 0.725
 29.0844  16.6084 0.725
 26.2617  17.1686 0.725
 23.4611  17.4215 0.725
 20.8161  17.4581 0.725
 18.4327  17.3932 0.725
 16.3802  17.3539 0.725
 14.6876  17.4672 0.725
 13.3423  17.8466 0.725
 12.2940  18.5806 0.725
 11.4617  19.7226 0.725
 10.7437  21.2845 0.725
 10.0294  23.2336 0.725
  9.2118  25.4941 0.725
  8.1990  27.9527 0.725
  6.9247  30.4677 0.725
  5.3551  32.8807 0.725
  3.4924  35.0301 0.725
  1.3750  36.7656 0.725
 -0.9268  37.9606 0.725
 -3.3180  38.5238 0.725
 -5.6892  38.4069 0.725
 -7.9282  37.6084 0.725
 -9.9317  36.1735 0.725
-11.6172  34.1897 0.725
-12.9318  31.7785 0.725
-13.8584  29.0844 0.725
-14.4186  26.2617 0.725
-14.6715  23.4611 0.725
-14.7081  20.8161 0.725
-14.6432  18.4327 0.725
-14.6039  16.3802 0.725
-14.7172  14.6876 0.725
-15.0966  13.3423 0.725
-15.8306  12.2940 0.725
-16.9726  11.4617 0.725
-18.5345  10.7437 0.725
-20.4836  10.0294 0.725
-22.7441   9.2118 0.725
-25.2027   8.1990 0.725
-27.7177   6.9247 0.725
-30.1307   5.3551 0.725
-32.2801   3.4924 0.725
-34.0156   1.3750 0.725
-35.2106  -0.9268 0.725
-35.7738  -3.3180 0.725
-35.6569  -5.6892 0.725
-34.8584  -7.9282 0.725
-33.4235  -9.9317 0.725
-31.4397 -11.6172 0.725
-29.0285 -12.9318 0.725
-26.3344 -13.8584 0.725
-23.5117 -14.4186 0.725
-20.7111 -14.6715 0.725
-18.0661 -14.7081 0.725
-15.6827 -14.6432 0.725
-13.6302 -14.6039 0.725
-11.9376 -14.7172 0.725
-10.5923 -15.0966 0.725
 -9.5440 -15.8306 0.725
 -8.7117 -16.9726 0.725
 -7.9937 -18.5345 0.725
 -7.2794 -20.4836 0.725
 -6.4618 -22.7441 0.725
 -5.4490 -25.2027 0.725
 -4.1747 -27.7177 0.725
 -2.6051 -30.1307 0.725
 -0.7424 -32.2801 0.725
  1.3750 -34.0156 0.725
  3.6768 -35.2106 0.725
  6.0680 -35.7738 0.725
  8.4392 -35.6569 0.725
 10.6782 -34.8584 0.725
 12.6817 -33.4235 0.725
 14.3672 -31.4397 0.725
 15.6818 -29.0285 0.725
 16.6084 -26.3344 0.725
 17.1686 -23.5117 0.725
 17.4215 -20.7111 0.725
 17.4581 -18.0661 0.725
 17.3932 -15.6827 0.725
 17.3539 -13.6302 0.725
 17.4672 -11.9376 0.725
 17.8466 -10.5923 0.725
 18.5806  -9.5440 0.725
 19.7226  -8.7117 0.725
 21.2845  -7.9937 0.725
 23.2336  -7.2794 0.725
 25.4941  -6.4618 0.725
 27.9527  -5.4490 0.725
 30.4677  -4.1747 0.725
 32.8807  -2.6051 0.725
 35.0301  -0.7424 0.725
       =        =     =
 36.0799   1.5000 0.700
 37.1014   3.7398 0.700
 37.4954   6.0473 0.700
 37.2267   8.3152 0.700
 36.3054  10.4365 0.700
 34.7863  12.3154 0.700
 32.7632  13.8780 0.700
 30.3604  15.0807 0.700
 27.7217  15.9155 0.700
 24.9968  16.4115 0.700
 22.3288  16.6330 0.700
 19.8415  16.6734 0.700
 17.6294  16.6465 0.700
 15.7506  16.6753 0.700
 14.2230  16.8794 0.700
 13.0250  17.3629 0.700
 12.1000  18.2029 0.700
 11.3633  19.4413 0.700
 10.7130  21.0787 0.700
 10.0412  23.0726 0.700
  9.2462  25.3405 0.700
  8.2437  27.7651 0.700
  6.9757  30.2046 0.700
  5.4167  32.5041 0.700
  3.5768  34.5094 0.700
  1.5000  36.0799 0.700
 -0.7398  37.1014 0.700
 -3.0473  37.4954 0.700
 -5.3152  37.2267 0.700
 -7.4365  36.3054 0.700
 -9.3154  34.7863 0.700
-10.8780  32.7632 0.700
-12.0807  30.3604 0.700
-12.9155  27.7217 0.700
-13.4115  24.9968 0.700
-13.6330  22.3288 0.700
-13.6734  19.8415 0.700
-13.6465  17.6294 0.700
-13.6753  15.7506 0.700
-13.8794  14.2230 0.700
-14.3629  13.0250 0.700
-15.2029  12.1000 0.700
-16.4413  11.3633 0.700
-18.0787  10.7130 0.700
-20.0726  10.0412 0.700
-22.3405   9.2462 0.700
-24.7651   8.2437 0.700
-27.2046   6.9757 0.700
-29.5041   5.4167 0.700
-31.5094   3.5768 0.700
-33.0799   1.5000 0.700
-34.1014  -0.7398 0.700
-34.4954  -3.0473 0.700
-34.2267  -5.3152 0.700
-33.3054  -7.4365 0.700
-31.7863  -9.3154 0.700
-29.7632 -10.8780 0.700
-27.3604 -12.0807 0.700
-24.7217 -12.9155 0.700
-21.9968 -13.4115 0.700
-19.3288 -13.6330 0.700
-16.8415 -13.6734 0.700
-14.6294 -13.6465 0.700
-12.7506 -13.6753 0.700
-11.2230 -13.8794 0.700
-10.0250 -14.3629 0.700
 -9.1000 -15.2029 0.700
 -8.3633 -16.4413 0.700
 -7.7130 -18.0787 0.700
 -7.0412 -20.0726 0.700
 -6.2462 -22.3405 0.700
 -5.2437 -24.7651 0.700
 -3.9757 -27.2046 0.700
 -2.4167 -29.5041 0.700
 -0.5768 -31.5094 0.700
  1.5000 -33.0799 0.700
  3.7398 -34.1014 0.700
  6.0473 -34.4954 0.700
  8.3152 -34.2267 0.700
 10.4365 -33.3054 0.700
 12.3154 -31.7863 0.700
 13.8780 -29.7632 0.700
 15.0807 -27.3604 0.700
 15.9155 -24.7217 0.700
 16.4115 -21.9968 0.700
 16.6330 -19.3288 0.700
 16.6734 -16.8415 0.700
 16.6465 -14.6294 0.700
 16.6753 -12.7506 0.700
 16.8794 -11.2230 0.700
 17.3629 -10.0250 0.700
 18.2029  -9.1000 0.700
 19.4413  -8.3633 0.700
 21.0787  -7.7130 0.700
 23.0726  -7.0412 0.700
 25.3405  -6.2462 0.700
 27.7651  -5.2437 0.700
 30.2046  -3.9757 0.700
 32.5041  -2.4167 0.700
 34.5094  -0.5768 0.700
       =        =     =
 35.3294   1.6250 0.675
 36.1808   3.7991 0.675
 36.4134   6.0198 0.675
 36.0039   8.1831 0.675
 34.9736  10.1875 0.675
 33.3853  11.9445 0.675
 31.3383  13.3893 0.675
 28.9586  14.4872 0.675
 26.3879  15.2385 0.675
 23.7707  15.6791 0.675
 21.2419  15.8775 0.675
 18.9151  15.9286 0.675
 16.8737  15.9445 0.675
 15.1645  16.0431 0.675
 13.7954  16.3365 0.675
 12.7367  16.9189 0.675
 11.9258  17.8565 0.675
 11.2758  19.1797 0.675
 10.6851  20.8786 0.675
 10.0493  22.9025 0.675
  9.2728  25.1625 0.675
  8.2786  27.5390 0.675
  7.0170  29.8910 0.675
  5.4709  32.0683 0.675
  3.6571  33.9245 0.675
  1.6250  35.3294 0.675
 -0.5491  36.1808 0.675
 -2.7698  36.4134 0.675
 -4.9331  36.0039 0.675
 -6.9375  34.9736 0.675
 -8.6945  33.3853 0.675
-10.1393  31.3383 0.675
-11.2372  28.9586 0.675
-11.9885  26.3879 0.675
-12.4291  23.7707 0.675
-12.6275  21.2419 0.675
-12.6786  18.9151 0.675
-12.6945  16.8737 0.675
-12.7931  15.1645 0.675
-13.0865  13.7954 0.675
-13.6689  12.7367 0.675
-14.6065  11.9258 0.675
-15.9297  11.2758 0.675
-17.6286  10.6851 0.675
-19.6525  10.0493 0.675
-21.9125   9.2728 0.675
-24.2890   8.2786 0.675
-26.6410   7.0170 0.675
-28.8183   5.4709 0.675
-30.6745   3.6571 0.675
-32.0794   1.6250 0.675
-32.9308  -0.5491 0.675
-33.1634  -2.7698 0.675
-32.7539  -4.9331 0.675
-31.7236  -6.9375 0.675
-30.1353  -8.6945 0.675
-28.0883 -10.1393 0.675
-25.7086 -11.2372 0.675
-23.1379 -11.9885 0.675
-20.5207 -12.4291 0.675
-17.9919 -12.6275 0.675
-15.6651 -12.6786 0.675
-13.6237 -12.6945 0.675
-11.9145 -12.7931 0.675
-10.5454 -13.0865 0.675
 -9.4867 -13.6689 0.675
 -8.6758 -14.6065 0.675
 -8.0258 -15.9297 0.675
 -7.4351 -17.6286 0.675
 -6.7993 -19.6525 0.675
 -6.0228 -21.9125 0.675
 -5.0286 -24.2890 0.675
 -3.7670 -26.6410 0.675
 -2.2209 -28.8183 0.675
 -0.4071 -30.6745 0.675
  1.6250 -32.0794 0.675
  3.7991 -32.9308 0.675
  6.0198 -33.1634 0.675
  8.1831 -32.7539 0.675
 10.1875 -31.7236 0.675
 11.9445 -30.1353 0.675
 13.3893 -28.0883 0.675
 14.4872 -25.7086 0.675
 15.2385 -23.1379 0.675
 15.6791 -20.5207 0.675
 15.8775 -17.9919 0.675
 15.9286 -15.6651 0.675
 15.9445 -13.6237 0.675
 16.0431 -11.9145 0.675
 16.3365 -10.5454 0.675
 16.9189  -9.4867 0.675
 17.8565  -8.6758 0.675
 19.1797  -8.0258 0.675
 20.8786  -7.4351 0.675
 22.9025  -6.7993 0.675
 25.1625  -6.0228 0.675
 27.5390  -5.0286 0.675
 29.8910  -3.7670 0.675
 32.0683  -2.2209 0.675
 33.9245  -0.4071 0.675
       =        =     =
 34.5159   1.7500 0.650
 35.2024   3.8546 0.650
 35.2822   5.9861 0.650
 34.7439   8.0439 0.650
 33.6185   9.9325 0.650
 31.9764  11.5711 0.650
 29.9206  12.9035 0.650
 27.5778  13.9037 0.650
 25.0868  14.5795 0.650
 22.5860  14.9729 0.650
 20.2017  15.1559 0.650
 18.0371  15.2238 0.650
 16.1645  15.2861 0.650
 14.6202  15.4554 0.650
 13.4024  15.8354 0.650
 12.4742  16.5106 0.650
 11.7683  17.5363 0.650
 11.1960  18.9322 0.650
 10.6573  20.6789 0.650
 10.0517  22.7178 0.650
  9.2899  24.9555 0.650
  8.3026  27.2707 0.650
  7.0483  29.5245 0.650
  5.5174  31.5723 0.650
  3.7334  33.2758 0.650
  1.7500  34.5159 0.650
 -0.3546  35.2024 0.650
 -2.4861  35.2822 0.650
 -4.5439  34.7439 0.650
 -6.4325  33.6185 0.650
 -8.0711  31.9764 0.650
 -9.4035  29.9206 0.650
-10.4037  27.5778 0.650
-11.0795  25.0868 0.650
-11.4729  22.5860 0.650
-11.6559  20.2017 0.650
-11.7238  18.0371 0.650
-11.7861  16.1645 0.650
-11.9554  14.6202 0.650
-12.3354  13.4024 0.650
-13.0106  12.4742 0.650
-14.0363  11.7683 0.650
-15.4322  11.1960 0.650
-17.1789  10.6573 0.650
-19.2178  10.0517 0.650
-21.4555   9.2899 0.650
-23.7707   8.3026 0.650
-26.0245   7.0483 0.650
-28.0723   5.5174 0.650
-29.7758   3.7334 0.650
-31.0159   1.7500 0.650
-31.7024  -0.3546 0.650
-31.7822  -2.4861 0.650
-31.2439  -4.5439 0.650
-30.1185  -6.4325 0.650
-28.4764  -8.0711 0.650
-26.4206  -9.4035 0.650
-24.0778 -10.4037 0.650
-21.5868 -11.0795 0.650
-19.0860 -11.4729 0.650
-16.7017 -11.6559 0.650
-14.5371 -11.7238 0.650
-12.6645 -11.7861 0.650
-11.1202 -11.9554 0.650
 -9.9024 -12.3354 0.650
 -8.9742 -13.0106 0.650
 -8.2683 -14.0363 0.650
 -7.6960 -15.4322 0.650
 -7.1573 -17.1789 0.650
 -6.5517 -19.2178 0.650
 -5.7899 -21.4555 0.650
 -4.8026 -23.7707 0.650
 -3.5483 -26.0245 0.650
 -2.0174 -28.0723 0.650
 -0.2334 -29.7758 0.650
  1.7500 -31.0159 0.650
  3.8546 -31.7024 0.650
  5.9861 -31.7822 0.650
  8.0439 -31.2439 0.650
  9.9325 -30.1185 0.650
 11.5711 -28.4764 0.650
 12.9035 -26.4206 0.650
 13.9037 -24.0778 0.650
 14.5795 -21.5868 0.650
 14.9729 -19.0860 0.650
 15.1559 -16.7017 0.650
 15.2238 -14.5371 0.650
 15.2861 -12.6645 0.650
 15.4554 -11.1202 0.650
 15.8354  -9.9024 0.650
 16.5106  -8.9742 0.650
 17.5363  -8.2683 0.650
 18.9322  -7.6960 0.650
 20.6789  -7.1573 0.650
 22.7178  -6.5517 0.650
 24.9555  -5.7899 0.650
 27.2707  -4.8026 0.650
 29.5245  -3.5483 0.650
 31.5723  -2.0174 0.650
 33.2758  -0.2334 0.650
       =        =     =
 33.6420   1.8750 0.625
 34.1698   3.9068 0.625
 34.1067   5.9468 0.625
 33.4522   7.8987 0.625
 32.2462   9.6730 0.625
 30.5652  11.1970 0.625
 28.5153  12.4226 0.625
 26.2226  13.3321 0.625
 23.8219  13.9404 0.625
 21.4450  14.2945 0.625
 19.2091  14.4690 0.625
 17.2072  14.5589 0.625
 15.5006  14.6703 0.625
 14.1154  14.9097 0.625
 13.0412  15.3727 0.625
 12.2345  16.1336 0.625
 11.6243  17.2374 0.625
 11.1212  18.6937 0.625
 10.6271  20.4741 0.625
 10.0464  22.5137 0.625
  9.2962  24.7152 0.625
  8.3150  26.9570 0.625
  7.0691  29.1032 0.625
  5.5563  31.0155 0.625
  3.8058  32.5645 0.625
  1.8750  33.6420 0.625
 -0.1568  34.1698 0.625
 -2.1968  34.1067 0.625
 -4.1487  33.4522 0.625
 -5.9230  32.2462 0.625
 -7.4470  30.5652 0.625
 -8.6726  28.5153 0.625
 -9.5821  26.2226 0.625
-10.1904  23.8219 0.625
-10.5445  21.4450 0.625
-10.7190  19.2091 0.625
-10.8089  17.2072 0.625
-10.9203  15.5006 0.625
-11.1597  14.1154 0.625
-11.6227  13.0412 0.625
-12.3836  12.2345 0.625
-13.4874  11.6243 0.625
-14.9437  11.1212 0.625
-16.7241  10.6271 0.625
-18.7637  10.0464 0.625
-20.9652   9.2962 0.625
-23.2070   8.3150 0.625
-25.3532   7.0691 0.625
-27.2655   5.5563 0.625
-28.8145   3.8058 0.625
-29.8920   1.8750 0.625
-30.4198  -0.1568 0.625
-30.3567  -2.1968 0.625
-29.7022  -4.1487 0.625
-28.4962  -5.9230 0.625
-26.8152  -7.4470 0.625
-24.7653  -8.6726 0.625
-22.4726  -9.5821 0.625
-20.0719 -10.1904 0.625
-17.6950 -10.5445 0.625
-15.4591 -10.7190 0.625
-13.4572 -10.8089 0.625
-11.7506 -10.9203 0.625
-10.3654 -11.1597 0.625
 -9.2912 -11.6227 0.625
 -8.4845 -12.3836 0.625
 -7.8743 -13.4874 0.625
 -7.3712 -14.9437 0.625
 -6.8771 -16.7241 0.625
 -6.2964 -18.7637 0.625
 -5.5462 -20.9652 0.625
 -4.5650 -23.2070 0.625
 -3.3191 -25.3532 0.625
 -1.8063 -27.2655 0.625
 -0.0558 -28.8145 0.625
  1.8750 -29.8920 0.625
  3.9068 -30.4198 0.625
  5.9468 -30.3567 0.625
  7.8987 -29.7022 0.625
  9.6730 -28.4962 0.625
 11.1970 -26.8152 0.625
 12.4226 -24.7653 0.625
 13.3321 -22.4726 0.625
 13.9404 -20.0719 0.625
 14.2945 -17.6950 0.625
 14.4690 -15.4591 0.625
 14.5589 -13.4572 0.625
 14.6703 -11.7506 0.625
 14.9097 -10.3654 0.625
 15.3727  -9.2912 0.625
 16.1336  -8.4845 0.625
 17.2374  -7.8743 0.625
 18.6937  -7.3712 0.625
 20.4741  -6.8771 0.625
 22.5137  -6.2964 0.625
 24.7152  -5.5462 0.625
 26.9570  -4.5650 0.625
 29.1032  -3.3191 0.625
 31.0155  -1.8063 0.625
 32.5645  -0.0558 0.625
       =        =     =
 32.7107   2.0000 0.600
 33.0872   3.9558 0.600
 32.8920   5.9026 0.600
 32.1345   7.7485 0.600
 30.8624   9.4106 0.600
 29.1574  10.8240 0.600
 27.1274  11.9486 0.600
 24.8969  12.7745 0.600
 22.5962  13.3229 0.600
 20.3495  13.6450 0.600
 18.2649  13.8171 0.600
 16.4248  13.9332 0.600
 14.8803  14.0954 0.600
 13.6477  14.4036 0.600
 12.7088  14.9447 0.600
 12.0143  15.7836 0.600
 11.4907  16.9549 0.600
 11.0483  18.4588 0.600
 10.5921  20.2592 0.600
 10.0316  22.2854 0.600
  9.2905  24.4377 0.600
  8.3150  26.5952 0.600
  7.0791  28.6258 0.600
  5.5875  30.3980 0.600
  3.8744  31.7921 0.600
  2.0000  32.7107 0.600
  0.0442  33.0872 0.600
 -1.9026  32.8920 0.600
 -3.7485  32.1345 0.600
 -5.4106  30.8624 0.600
 -6.8240  29.1574 0.600
 -7.9486  27.1274 0.600
 -8.7745  24.8969 0.600
 -9.3229  22.5962 0.600
 -9.6450  20.3495 0.600
 -9.8171  18.2649 0.600
 -9.9332  16.4248 0.600
-10.0954  14.8803 0.600
-10.4036  13.6477 0.600
-10.9447  12.7088 0.600
-11.7836  12.0143 0.600
-12.9549  11.4907 0.600
-14.4588  11.0483 0.600
-16.2592  10.5921 0.600
-18.2854  10.0316 0.600
-20.4377   9.2905 0.600
-22.5952   8.3150 0.600
-24.6258   7.0791 0.600
-26.3980   5.5875 0.600
-27.7921   3.8744 0.600
-28.7107   2.0000 0.600
-29.0872   0.0442 0.600
-28.8920  -1.9026 0.600
-28.1345  -3.7485 0.600
-26.8624  -5.4106 0.600
-25.1574  -6.8240 0.600
-23.1274  -7.9486 0.600
-20.8969  -8.7745 0.600
-18.5962  -9.3229 0.600
-16.3495  -9.6450 0.600
-14.2649  -9.8171 0.600
-12.4248  -9.9332 0.600
-10.8803 -10.0954 0.600
 -9.6477 -10.4036 0.600
 -8.7088 -10.9447 0.600
 -8.0143 -11.7836 0.600
 -7.4907 -12.9549 0.600
 -7.0483 -14.4588 0.600
 -6.5921 -16.2592 0.600
 -6.0316 -18.2854 0.600
 -5.2905 -20.4377 0.600
 -4.3150 -22.5952 0.600
 -3.0791 -24.6258 0.600
 -1.5875 -26.3980 0.600
  0.1256 -27.7921 0.600
  2.0000 -28.7107 0.600
  3.9558 -29.0872 0.600
  5.9026 -28.8920 0.600
  7.7485 -28.1345 0.600
  9.4106 -26.8624 0.600
 10.8240 -25.1574 0.600
 11.9486 -23.1274 0.600
 12.7745 -20.8969 0.600
 13.3229 -18.5962 0.600
 13.6450 -16.3495 0.600
 13.8171 -14.2649 0.600
 13.9332 -12.4248 0.600
 14.0954 -10.8803 0.600
 14.4036  -9.6477 0.600
 14.9447  -8.7088 0.600
 15.7836  -8.0143 0.600
 16.9549  -7.4907 0.600
 18.4588  -7.0483 0.600
 20.2592  -6.5921 0.600
 22.2854  -6.0316 0.600
 24.4377  -5.2905 0.600
 26.5952  -4.3150 0.600
 28.6258  -3.0791 0.600
 30.3980  -1.5875 0.600
 31.7921   0.1256 0.600
       =        =     =
 31.7253   2.1250 0.575
 31.9592   4.0020 0.575
 31.6433   5.8540 0.575
 30.7963   7.5943 0.575
 29.4728   9.1467 0.575
 27.7584  10.4538 0.575
 25.7616  11.4834 0.575
 23.6046  12.2326 0.575
 21.4122  12.7282 0.575
 19.3008  13.0251 0.575
 17.3689  13.2003 0.575
 15.6888  13.3460 0.575
 14.3015  13.5595 0.575
 13.2144  13.9340 0.575
 12.4020  14.5478 0.575
 11.8105  15.4560 0.575
 11.3643  16.6838 0.575
 10.9747  18.2226 0.575
 10.5501  20.0293 0.575
 10.0055  22.0288 0.575
  9.2715  24.1198 0.575
  8.3021  26.1830 0.575
  7.0783  28.0913 0.575
  5.6111  29.7206 0.575
  3.9392  30.9608 0.575
  2.1250  31.7253 0.575
  0.2480  31.9592 0.575
 -1.6040  31.6433 0.575
 -3.3443  30.7963 0.575
 -4.8967  29.4728 0.575
 -6.2038  27.7584 0.575
 -7.2334  25.7616 0.575
 -7.9826  23.6046 0.575
 -8.4782  21.4122 0.575
 -8.7751  19.3008 0.575
 -8.9503  17.3689 0.575
 -9.0960  15.6888 0.575
 -9.3095  14.3015 0.575
 -9.6840  13.2144 0.575
-10.2978  12.4020 0.575
-11.2060  11.8105 0.575
-12.4338  11.3643 0.575
-13.9726  10.9747 0.575
-15.7793  10.5501 0.575
-17.7788  10.0055 0.575
-19.8698   9.2715 0.575
-21.9330   8.3021 0.575
-23.8413   7.0783 0.575
-25.4706   5.6111 0.575
-26.7108   3.9392 0.575
-27.4753   2.1250 0.575
-27.7092   0.2480 0.575
-27.3933  -1.6040 0.575
-26.5463  -3.3443 0.575
-25.2228  -4.8967 0.575
-23.5084  -6.2038 0.575
-21.5116  -7.2334 0.575
-19.3546  -7.9826 0.575
-17.1622  -8.4782 0.575
-15.0508  -8.7751 0.575
-13.1189  -8.9503 0.575
-11.4388  -9.0960 0.575
-10.0515  -9.3095 0.575
 -8.9644  -9.6840 0.575
 -8.1520 -10.2978 0.575
 -7.5605 -11.2060 0.575
 -7.1143 -12.4338 0.575
 -6.7247 -13.9726 0.575
 -6.3001 -15.7793 0.575
 -5.7555 -17.7788 0.575
 -5.0215 -19.8698 0.575
 -4.0521 -21.9330 0.575
 -2.8283 -23.8413 0.575
 -1.3611 -25.4706 0.575
  0.3108 -26.7108 0.575
  2.1250 -27.4753 0.575
  4.0020 -27.7092 0.575
  5.8540 -27.3933 0.575
  7.5943 -26.5463 0.575
  9.1467 -25.2228 0.575
 10.4538 -23.5084 0.575
 11.4834 -21.5116 0.575
 12.2326 -19.3546 0.575
 12.7282 -17.1622 0.575
 13.0251 -15.0508 0.575
 13.2003 -13.1189 0.575
 13.3460 -11.4388 0.575
 13.5595 -10.0515 0.575
 13.9340  -8.9644 0.575
 14.5478  -8.1520 0.575
 15.4560  -7.5605 0.575
 16.6838  -7.1143 0.575
 18.2226  -6.7247 0.575
 20.0293  -6.3001 0.575
 22.0288  -5.7555 0.575
 24.1198  -5.0215 0.575
 26.1830  -4.0521 0.575
 28.0913  -2.8283 0.575
 29.7206  -1.3611 0.575
 30.9608   0.3108 0.575
       =        =     =
 30.6898   2.2500 0.550
 30.7905   4.0456 0.550
 30.3661   5.8019 0.550
 29.4435   7.4374 0.550
 28.0831   8.8828 0.550
 26.3733  10.0881 0.550
 24.4223  11.0286 0.550
 22.3491  11.7079 0.550
 20.2721  12.1577 0.550
 18.2997  12.4355 0.550
 16.5208  12.6184 0.550
 14.9978  12.7959 0.550
 13.7620  13.0605 0.550
 12.8125  13.4979 0.550
 12.1175  14.1778 0.550
 11.6196  15.1461 0.550
 11.2419  16.4190 0.550
 10.8976  17.9799 0.550
 10.4988  19.7796 0.550
  9.9665  21.7398 0.550
  9.2385  23.7584 0.550
  8.2758  25.7189 0.550
  7.0666  27.4996 0.550
  5.6273  28.9844 0.550
  4.0005  30.0730 0.550
  2.2500  30.6898 0.550
  0.4544  30.7905 0.550
 -1.3019  30.3661 0.550
 -2.9374  29.4435 0.550
 -4.3828  28.0831 0.550
 -5.5881  26.3733 0.550
 -6.5286  24.4223 0.550
 -7.2079  22.3491 0.550
 -7.6577  20.2721 0.550
 -7.9355  18.2997 0.550
 -8.1184  16.5208 0.550
 -8.2959  14.9978 0.550
 -8.5605  13.7620 0.550
 -8.9979  12.8125 0.550
 -9.6778  12.1175 0.550
-10.6461  11.6196 0.550
-11.9190  11.2419 0.550
-13.4799  10.8976 0.550
-15.2796  10.4988 0.550
-17.2398   9.9665 0.550
-19.2584   9.2385 0.550
-21.2189   8.2758 0.550
-22.9996   7.0666 0.550
-24.4844   5.6273 0.550
-25.5730   4.0005 0.550
-26.1898   2.2500 0.550
-26.2905   0.4544 0.550
-25.8661  -1.3019 0.550
-24.9435  -2.9374 0.550
-23.5831  -4.3828 0.550
-21.8733  -5.5881 0.550
-19.9223  -6.5286 0.550
-17.8491  -7.2079 0.550
-15.7721  -7.6577 0.550
-13.7997  -7.9355 0.550
-12.0208  -8.1184 0.550
-10.4978  -8.2959 0.550
 -9.2620  -8.5605 0.550
 -8.3125  -8.9979 0.550
 -7.6175  -9.6778 0.550
 -7.1196 -10.6461 0.550
 -6.7419 -11.9190 0.550
 -6.3976 -13.4799 0.550
 -5.9988 -15.2796 0.550
 -5.4665 -17.2398 0.550
 -4.7385 -19.2584 0.550
 -3.7758 -21.2189 0.550
 -2.5666 -22.9996 0.550
 -1.1273 -24.4844 0.550
  0.4995 -25.5730 0.550
  2.2500 -26.1898 0.550
  4.0456 -26.2905 0.550
  5.8019 -25.8661 0.550
  7.4374 -24.9435 0.550
  8.8828 -23.5831 0.550
 10.0881 -21.8733 0.550
 11.0286 -19.9223 0.550
 11.7079 -17.8491 0.550
 12.1577 -15.7721 0.550
 12.4355 -13.7997 0.550
 12.6184 -12.0208 0.550
 12.7959 -10.4978 0.550
 13.0605  -9.2620 0.550
 13.4979  -8.3125 0.550
 14.1778  -7.6175 0.550
 15.1461  -7.1196 0.550
 16.4190  -6.7419 0.550
 17.9799  -6.3976 0.550
 19.7796  -5.9988 0.550
 21.7398  -5.4665 0.550
 23.7584  -4.7385 0.550
 25.7189  -3.7758 0.550
 27.4996  -2.5666 0.550
 28.9844  -1.1273 0.550
 30.0730   0.4995 0.550
       =        =     =
 29.6082   2.3750 0.525
 29.5862   4.0870 0.525
 29.0660   5.7469 0.525
 28.0818   7.2788 0.525
 26.6987   8.6203 0.525
 25.0069   9.7286 0.525
 23.1135  10.5860 0.525
 21.1330  11.2019 0.525
 19.1775  11.6122 0.525
 17.3467  11.8763 0.525
 15.7199  12.0707 0.525
 14.3499  12.2815 0.525
 13.2590  12.5958 0.525
 12.4387  13.0918 0.525
 11.8520  13.8307 0.525
 11.4382  14.8495 0.525
 11.1206  16.1558 0.525
 10.8143  17.7260 0.525
 10.4363  19.5061 0.525
  9.9134  21.4149 0.525
  9.1906  23.3512 0.525
  8.2359  25.2017 0.525
  7.0440  26.8509 0.525
  5.6363  28.1910 0.525
  4.0584  29.1318 0.525
  2.3750  29.6082 0.525
  0.6630  29.5862 0.525
 -0.9969  29.0660 0.525
 -2.5288  28.0818 0.525
 -3.8703  26.6987 0.525
 -4.9786  25.0069 0.525
 -5.8360  23.1135 0.525
 -6.4519  21.1330 0.525
 -6.8622  19.1775 0.525
 -7.1263  17.3467 0.525
 -7.3207  15.7199 0.525
 -7.5315  14.3499 0.525
 -7.8458  13.2590 0.525
 -8.3418  12.4387 0.525
 -9.0807  11.8520 0.525
-10.0995  11.4382 0.525
-11.4058  11.1206 0.525
-12.9760  10.8143 0.525
-14.7561  10.4363 0.525
-16.6649   9.9134 0.525
-18.6012   9.1906 0.525
-20.4517   8.2359 0.525
-22.1009   7.0440 0.525
-23.4410   5.6363 0.525
-24.3818   4.0584 0.525
-24.8582   2.3750 0.525
-24.8362   0.6630 0.525
-24.3160  -0.9969 0.525
-23.3318  -2.5288 0.525
-21.9487  -3.8703 0.525
-20.2569  -4.9786 0.525
-18.3635  -5.8360 0.525
-16.3830  -6.4519 0.525
-14.4275  -6.8622 0.525
-12.5967  -7.1263 0.525
-10.9699  -7.3207 0.525
 -9.5999  -7.5315 0.525
 -8.5090  -7.8458 0.525
 -7.6887  -8.3418 0.525
 -7.1020  -9.0807 0.525
 -6.6882 -10.0995 0.525
 -6.3706 -11.4058 0.525
 -6.0643 -12.9760 0.525
 -5.6863 -14.7561 0.525
 -5.1634 -16.6649 0.525
 -4.4406 -18.6012 0.525
 -3.4859 -20.4517 0.525
 -2.2940 -22.1009 0.525
 -0.8863 -23.4410 0.525
  0.6916 -24.3818 0.525
  2.3750 -24.8582 0.525
  4.0870 -24.8362 0.525
  5.7469 -24.3160 0.525
  7.2788 -23.3318 0.525
  8.6203 -21.9487 0.525
  9.7286 -20.2569 0.525
 10.5860 -18.3635 0.525
 11.2019 -16.3830 0.525
 11.6122 -14.4275 0.525
 11.8763 -12.5967 0.525
 12.0707 -10.9699 0.525
 12.2815  -9.5999 0.525
 12.5958  -8.5090 0.525
 13.0918  -7.6887 0.525
 13.8307  -7.1020 0.525
 14.8495  -6.6882 0.525
 16.1558  -6.3706 0.525
 17.7260  -6.0643 0.525
 19.5061  -5.6863 0.525
 21.4149  -5.1634 0.525
 23.3512  -4.4406 0.525
 25.2017  -3.4859 0.525
 26.8509  -2.2940 0.525
 28.1910  -0.8863 0.525
 29.1318   0.6916 0.525
       =        =     =
 28.4850   2.5000 0.500
 28.3514   4.1264 0.500
 27.7485   5.6896 0.500
 26.7167   7.1196 0.500
 25.3249   8.3604 0.500
 23.6640   9.3766 0.500
 21.8388  10.1568 0.500
 19.9590  10.7156 0.500
 18.1296  11.0924 0.500
 16.4416  11.3476 0.500
 14.9650  11.5563 0.500
 13.7430  11.8010 0.500
 12.7897  12.1627 0.500
 12.0898  12.7121 0.500
 11.6018  13.5022 0.500
 11.2630  14.5613 0.500
 10.9971  15.8894 0.500
 10.7224  17.4565 0.500
 10.3606  19.2046 0.500
  9.8449  21.0511 0.500
  9.1271  22.8962 0.500
  8.1822  24.6307 0.500
  7.0107  26.1459 0.500
  5.6384  27.3428 0.500
  4.1132  28.1407 0.500
  2.5000  28.4850 0.500
  0.8736  28.3514 0.500
 -0.6896  27.7485 0.500
 -2.1196  26.7167 0.500
 -3.3604  25.3249 0.500
 -4.3766  23.6640 0.500
 -5.1568  21.8388 0.500
 -5.7156  19.9590 0.500
 -6.0924  18.1296 0.500
 -6.3476  16.4416 0.500
 -6.5563  14.9650 0.500
 -6.8010  13.7430 0.500
 -7.1627  12.7897 0.500
 -7.7121  12.0898 0.500
 -8.5022  11.6018 0.500
 -9.5613  11.2630 0.500
-10.8894  10.9971 0.500
-12.4565  10.7224 0.500
-14.2046  10.3606 0.500
-16.0511   9.8449 0.500
-17.8962   9.1271 0.500
-19.6307   8.1822 0.500
-21.1459   7.0107 0.500
-22.3428   5.6384 0.500
-23.1407   4.1132 0.500
-23.4850   2.5000 0.500
-23.3514   0.8736 0.500
-22.7485  -0.6896 0.500
-21.7167  -2.1196 0.500
-20.3249  -3.3604 0.500
-18.6640  -4.3766 0.500
-16.8388  -5.1568 0.500
-14.9590  -5.7156 0.500
-13.1296  -6.0924 0.500
-11.4416  -6.3476 0.500
 -9.9650  -6.5563 0.500
 -8.7430  -6.8010 0.500
 -7.7897  -7.1627 0.500
 -7.0898  -7.7121 0.500
 -6.6018  -8.5022 0.500
 -6.2630  -9.5613 0.500
 -5.9971 -10.8894 0.500
 -5.7224 -12.4565 0.500
 -5.3606 -14.2046 0.500
 -4.8449 -16.0511 0.500
 -4.1271 -17.8962 0.500
 -3.1822 -19.6307 0.500
 -2.0107 -21.1459 0.500
 -0.6384 -22.3428 0.500
  0.8868 -23.1407 0.500
  2.5000 -23.4850 0.500
  4.1264 -23.3514 0.500
  5.6896 -22.7485 0.500
  7.1196 -21.7167 0.500
  8.3604 -20.3249 0.500
  9.3766 -18.6640 0.500
 10.1568 -16.8388 0.500
 10.7156 -14.9590 0.500
 11.0924 -13.1296 0.500
 11.3476 -11.4416 0.500
 11.5563  -9.9650 0.500
 11.8010  -8.7430 0.500
 12.1627  -7.7897 0.500
 12.7121  -7.0898 0.500
 13.5022  -6.6018 0.500
 14.5613  -6.2630 0.500
 15.8894  -5.9971 0.500
 17.4565  -5.7224 0.500
 19.2046  -5.3606 0.500
 21.0511  -4.8449 0.500
 22.8962  -4.1271 0.500
 24.6307  -3.1822 0.500
 26.1459  -2.0107 0.500
 27.3428  -0.6384 0.500
 28.1407   0.8868 0.500
       =        =     =
 27.3249   2.6250 0.475
 27.0915   4.1643 0.475
 26.4192   5.6309 0.475
 25.3538   6.9608 0.475
 23.9667   8.1046 0.475
 22.3486   9.0336 0.475
 20.6013   9.7423 0.475
 18.8290  10.2500 0.475
 17.1291  10.5987 0.475
 15.5840  10.8490 0.475
 14.2543  11.0742 0.475
 13.1745  11.3523 0.475
 12.3509  11.7582 0.475
 11.7623  12.3553 0.475
 11.3635  13.1881 0.475
 11.0907  14.2771 0.475
 10.8688  15.6151 0.475
 10.6196  17.1671 0.475
 10.2701  18.8716 0.475
  9.7599  20.6458 0.475
  9.0477  22.3919 0.475
  8.1147  24.0059 0.475
  6.9669  25.3861 0.475
  5.6338  26.4421 0.475
  4.1651  27.1034 0.475
  2.6250  27.3249 0.475
  1.0857  27.0915 0.475
 -0.3809  26.4192 0.475
 -1.7108  25.3538 0.475
 -2.8546  23.9667 0.475
 -3.7836  22.3486 0.475
 -4.4923  20.6013 0.475
 -5.0000  18.8290 0.475
 -5.3487  17.1291 0.475
 -5.5990  15.5840 0.475
 -5.8242  14.2543 0.475
 -6.1023  13.1745 0.475
 -6.5082  12.3509 0.475
 -7.1053  11.7623 0.475
 -7.9381  11.3635 0.475
 -9.0271  11.0907 0.475
-10.3651  10.8688 0.475
-11.9171  10.6196 0.475
-13.6216  10.2701 0.475
-15.3958   9.7599 0.475
-17.1419   9.0477 0.475
-18.7559   8.1147 0.475
-20.1361   6.9669 0.475
-21.1921   5.6338 0.475
-21.8534   4.1651 0.475
-22.0749   2.6250 0.475
-21.8415   1.0857 0.475
-21.1692  -0.3809 0.475
-20.1038  -1.7108 0.475
-18.7167  -2.8546 0.475
-17.0986  -3.7836 0.475
-15.3513  -4.4923 0.475
-13.5790  -5.0000 0.475
-11.8791  -5.3487 0.475
-10.3340  -5.5990 0.475
 -9.0043  -5.8242 0.475
 -7.9245  -6.1023 0.475
 -7.1009  -6.5082 0.475
 -6.5123  -7.1053 0.475
 -6.1135  -7.9381 0.475
 -5.8407  -9.0271 0.475
 -5.6188 -10.3651 0.475
 -5.3696 -11.9171 0.475
 -5.0201 -13.6216 0.475
 -4.5099 -15.3958 0.475
 -3.7977 -17.1419 0.475
 -2.8647 -18.7559 0.475
 -1.7169 -20.1361 0.475
 -0.3838 -21.1921 0.475
  1.0849 -21.8534 0.475
  2.6250 -22.0749 0.475
  4.1643 -21.8415 0.475
  5.6309 -21.1692 0.475
  6.9608 -20.1038 0.475
  8.1046 -18.7167 0.475
  9.0336 -17.0986 0.475
  9.7423 -15.3513 0.475
 10.2500 -13.5790 0.475
 10.5987 -11.8791 0.475
 10.8490 -10.3340 0.475
 11.0742  -9.0043 0.475
 11.3523  -7.9245 0.475
 11.7582  -7.1009 0.475
 12.3553  -6.5123 0.475
 13.1881  -6.1135 0.475
 14.2771  -5.8407 0.475
 15.6151  -5.6188 0.475
 17.1671  -5.3696 0.475
 18.8716  -5.0201 0.475
 20.6458  -4.5099 0.475
 22.3919  -3.7977 0.475
 24.0059  -2.8647 0.475
 25.3861  -1.7169 0.475
 26.4421  -0.3838 0.475
 27.1034   1.0849 0.475
       =        =     =
 26.1331   2.7500 0.450
 25.8121   4.2009 0.450
 25.0839   5.5714 0.450
 23.9985   6.8034 0.450
 22.6289   7.8540 0.450
 21.0646   8.7008 0.450
 19.4038   9.3437 0.450
 17.7445   9.8059 0.450
 16.1763  10.1311 0.450
 14.7728  10.3799 0.450
 13.5859  10.6227 0.450
 12.6416  10.9330 0.450
 11.9393  11.3793 0.450
 11.4526  12.0173 0.450
 11.1335  12.8840 0.450
 10.9179  13.9922 0.450
 10.7327  15.3287 0.450
 10.5036  16.8538 0.450
 10.1632  18.5039 0.450
  9.6576  20.1967 0.450
  8.9519  21.8375 0.450
  8.0335  23.3277 0.450
  6.9130  24.5730 0.450
  5.6230  25.4923 0.450
  4.2143  26.0242 0.450
  2.7500  26.1331 0.450
  1.2991  25.8121 0.450
 -0.0714  25.0839 0.450
 -1.3034  23.9985 0.450
 -2.3540  22.6289 0.450
 -3.2008  21.0646 0.450
 -3.8437  19.4038 0.450
 -4.3059  17.7445 0.450
 -4.6311  16.1763 0.450
 -4.8799  14.7728 0.450
 -5.1227  13.5859 0.450
 -5.4330  12.6416 0.450
 -5.8793  11.9393 0.450
 -6.5173  11.4526 0.450
 -7.3840  11.1335 0.450
 -8.4922  10.9179 0.450
 -9.8287  10.7327 0.450
-11.3538  10.5036 0.450
-13.0039  10.1632 0.450
-14.6967   9.6576 0.450
-16.3375   8.9519 0.450
-17.8277   8.0335 0.450
-19.0730   6.9130 0.450
-19.9923   5.6230 0.450
-20.5242   4.2143 0.450
-20.6331   2.7500 0.450
-20.3121   1.2991 0.450
-19.5839  -0.0714 0.450
-18.4985  -1.3034 0.450
-17.1289  -2.3540 0.450
-15.5646  -3.2008 0.450
-13.9038  -3.8437 0.450
-12.2445  -4.3059 0.450
-10.6763  -4.6311 0.450
 -9.2728  -4.8799 0.450
 -8.0859  -5.1227 0.450
 -7.1416  -5.4330 0.450
 -6.4393  -5.8793 0.450
 -5.9526  -6.5173 0.450
 -5.6335  -7.3840 0.450
 -5.4179  -8.4922 0.450
 -5.2327  -9.8287 0.450
 -5.0036 -11.3538 0.450
 -4.6632 -13.0039 0.450
 -4.1576 -14.6967 0.450
 -3.4519 -16.3375 0.450
 -2.5335 -17.8277 0.450
 -1.4130 -19.0730 0.450
 -0.1230 -19.9923 0.450
  1.2857 -20.5242 0.450
  2.7500 -20.6331 0.450
  4.2009 -20.3121 0.450
  5.5714 -19.5839 0.450
  6.8034 -18.4985 0.450
  7.8540 -17.1289 0.450
  8.7008 -15.5646 0.450
  9.3437 -13.9038 0.450
  9.8059 -12.2445 0.450
 10.1311 -10.6763 0.450
 10.3799  -9.2728 0.450
 10.6227  -8.0859 0.450
 10.9330  -7.1416 0.450
 11.3793  -6.4393 0.450
 12.0173  -5.9526 0.450
 12.8840  -5.6335 0.450
 13.9922  -5.4179 0.450
 15.3287  -5.2327 0.450
 16.8538  -5.0036 0.450
 18.5039  -4.6632 0.450
 20.1967  -4.1576 0.450
 21.8375  -3.4519 0.450
 23.3277  -2.5335 0.450
 24.5730  -1.4130 0.450
 25.4923  -0.1230 0.450
 26.0242   1.2857 0.450
       =        =     =
 24.9145   2.8750 0.425
 24.5186   4.2367 0.425
 23.7479   5.5119 0.425
 22.6557   6.6484 0.425
 21.3158   7.6098 0.425
 19.8155   8.3793 0.425
 18.2485   8.9618 0.425
 16.7064   9.3836 0.425
 15.2708   9.6897 0.425
 14.0067   9.9394 0.425
 12.9574  10.2003 0.425
 12.1412  10.5407 0.425
 11.5512  11.0225 0.425
 11.1569  11.6944 0.425
 10.9083  12.5856 0.425
 10.7416  13.7024 0.425
 10.5862  15.0260 0.425
 10.3726  16.5130 0.425
 10.0388  18.0988 0.425
  9.5374  19.7023 0.425
  8.8397  21.2326 0.425
  7.9387  22.5970 0.425
  6.8493  23.7092 0.425
  5.6065  24.4967 0.425
  4.2612  24.9074 0.425
  2.8750  24.9145 0.425
  1.5133  24.5186 0.425
  0.2381  23.7479 0.425
 -0.8984  22.6557 0.425
 -1.8598  21.3158 0.425
 -2.6293  19.8155 0.425
 -3.2118  18.2485 0.425
 -3.6336  16.7064 0.425
 -3.9397  15.2708 0.425
 -4.1894  14.0067 0.425
 -4.4503  12.9574 0.425
 -4.7907  12.1412 0.425
 -5.2725  11.5512 0.425
 -5.9444  11.1569 0.425
 -6.8356  10.9083 0.425
 -7.9524  10.7416 0.425
 -9.2760  10.5862 0.425
-10.7630  10.3726 0.425
-12.3488  10.0388 0.425
-13.9523   9.5374 0.425
-15.4826   8.8397 0.425
-16.8470   7.9387 0.425
-17.9592   6.8493 0.425
-18.7467   5.6065 0.425
-19.1574   4.2612 0.425
-19.1645   2.8750 0.425
-18.7686   1.5133 0.425
-17.9979   0.2381 0.425
-16.9057  -0.8984 0.425
-15.5658  -1.8598 0.425
-14.0655  -2.6293 0.425
-12.4985  -3.2118 0.425
-10.9564  -3.6336 0.425
 -9.5208  -3.9397 0.425
 -8.2567  -4.1894 0.425
 -7.2074  -4.4503 0.425
 -6.3912  -4.7907 0.425
 -5.8012  -5.2725 0.425
 -5.4069  -5.9444 0.425
 -5.1583  -6.8356 0.425
 -4.9916  -7.9524 0.425
 -4.8362  -9.2760 0.425
 -4.6226 -10.7630 0.425
 -4.2888 -12.3488 0.425
 -3.7874 -13.9523 0.425
 -3.0897 -15.4826 0.425
 -2.1887 -16.8470 0.425
 -1.0993 -17.9592 0.425
  0.1435 -18.7467 0.425
  1.4888 -19.1574 0.425
  2.8750 -19.1645 0.425
  4.2367 -18.7686 0.425
  5.5119 -17.9979 0.425
  6.6484 -16.9057 0.425
  7.6098 -15.5658 0.425
  8.3793 -14.0655 0.425
  8.9618 -12.4985 0.425
  9.3836 -10.9564 0.425
  9.6897  -9.5208 0.425
  9.9394  -8.2567 0.425
 10.2003  -7.2074 0.425
 10.5407  -6.3912 0.425
 11.0225  -5.8012 0.425
 11.6944  -5.4069 0.425
 12.5856  -5.1583 0.425
 13.7024  -4.9916 0.425
 15.0260  -4.8362 0.425
 16.5130  -4.6226 0.425
 18.0988  -4.2888 0.425
 19.7023  -3.7874 0.425
 21.2326  -3.0897 0.425
 22.5970  -2.1887 0.425
 23.7092  -1.0993 0.425
 24.4967   0.1435 0.425
 24.9074   1.4888 0.425
       =        =     =
 23.6745   3.0000 0.400
 23.2164   4.2719 0.400
 22.4166   5.4529 0.400
 21.3305   6.4967 0.400
 20.0315   7.3729 0.400
 18.6043   8.0701 0.400
 17.1373   8.5974 0.400
 15.7154   8.9834 0.400
 14.4121   9.2738 0.400
 13.2840   9.5264 0.400
 12.3662   9.8049 0.400
 11.6701  10.1725 0.400
 11.1832  10.6845 0.400
 10.8717  11.3825 0.400
 10.6843  12.2887 0.400
 10.5585  13.4034 0.400
 10.4269  14.7030 0.400
 10.2246  16.1415 0.400
  9.8956  17.6540 0.400
  9.3987  19.1613 0.400
  8.7112  20.5771 0.400
  7.8309  21.8152 0.400
  6.7765  22.7971 0.400
  5.5846  23.4590 0.400
  4.3060  23.7578 0.400
  3.0000  23.6745 0.400
  1.7281  23.2164 0.400
  0.5471  22.4166 0.400
 -0.4967  21.3305 0.400
 -1.3729  20.0315 0.400
 -2.0701  18.6043 0.400
 -2.5974  17.1373 0.400
 -2.9834  15.7154 0.400
 -3.2738  14.4121 0.400
 -3.5264  13.2840 0.400
 -3.8049  12.3662 0.400
 -4.1725  11.6701 0.400
 -4.6845  11.1832 0.400
 -5.3825  10.8717 0.400
 -6.2887  10.6843 0.400
 -7.4034  10.5585 0.400
 -8.7030  10.4269 0.400
-10.1415  10.2246 0.400
-11.6540   9.8956 0.400
-13.1613   9.3987 0.400
-14.5771   8.7112 0.400
-15.8152   7.8309 0.400
-16.7971   6.7765 0.400
-17.4590   5.5846 0.400
-17.7578   4.3060 0.400
-17.6745   3.0000 0.400
-17.2164   1.7281 0.400
-16.4166   0.5471 0.400
-15.3305  -0.4967 0.400
-14.0315  -1.3729 0.400
-12.6043  -2.0701 0.400
-11.1373  -2.5974 0.400
 -9.7154  -2.9834 0.400
 -8.4121  -3.2738 0.400
 -7.2840  -3.5264 0.400
 -6.3662  -3.8049 0.400
 -5.6701  -4.1725 0.400
 -5.1832  -4.6845 0.400
 -4.8717  -5.3825 0.400
 -4.6843  -6.2887 0.400
 -4.5585  -7.4034 0.400
 -4.4269  -8.7030 0.400
 -4.2246 -10.1415 0.400
 -3.8956 -11.6540 0.400
 -3.3987 -13.1613 0.400
 -2.7112 -14.5771 0.400
 -1.8309 -15.8152 0.400
 -0.7765 -16.7971 0.400
  0.4154 -17.4590 0.400
  1.6940 -17.7578 0.400
  3.0000 -17.6745 0.400
  4.2719 -17.2164 0.400
  5.4529 -16.4166 0.400
  6.4967 -15.3305 0.400
  7.3729 -14.0315 0.400
  8.0701 -12.6043 0.400
  8.5974 -11.1373 0.400
  8.9834  -9.7154 0.400
  9.2738  -8.4121 0.400
  9.5264  -7.2840 0.400
  9.8049  -6.3662 0.400
 10.1725  -5.6701 0.400
 10.6845  -5.1832 0.400
 11.3825  -4.8717 0.400
 12.2887  -4.6843 0.400
 13.4034  -4.5585 0.400
 14.7030  -4.4269 0.400
 16.1415  -4.2246 0.400
 17.6540  -3.8956 0.400
 19.1613  -3.3987 0.400
 20.5771  -2.7112 0.400
 21.8152  -1.8309 0.400
 22.7971  -0.7765 0.400
 23.4590   0.4154 0.400
 23.7578   1.6940 0.400
       =        =     =
 22.4184   3.1250 0.375
 21.9111   4.3069 0.375
 21.0951   5.3952 0.375
 20.0273   6.3493 0.375
 18.7797   7.1444 0.375
 17.4335   7.7741 0.375
 16.0715   8.2509 0.375
 14.7715   8.6054 0.375
 13.5989   8.8831 0.375
 12.6023   9.1395 0.375
 11.8092   9.4345 0.375
 11.2246   9.8255 0.375
 10.8313  10.3617 0.375
 10.5930  11.0776 0.375
 10.4581  11.9892 0.375
 10.3658  13.0912 0.375
 10.2525  14.3561 0.375
 10.0582  15.7364 0.375
  9.7329  17.1675 0.375
  9.2413  18.5731 0.375
  8.5664  19.8718 0.375
  7.7105  20.9843 0.375
  6.6951  21.8400 0.375
  5.5579  22.3836 0.375
  4.3490  22.5802 0.375
  3.1250  22.4184 0.375
  1.9431  21.9111 0.375
  0.8548  21.0951 0.375
 -0.0993  20.0273 0.375
 -0.8944  18.7797 0.375
 -1.5241  17.4335 0.375
 -2.0009  16.0715 0.375
 -2.3554  14.7715 0.375
 -2.6331  13.5989 0.375
 -2.8895  12.6023 0.375
 -3.1845  11.8092 0.375
 -3.5755  11.2246 0.375
 -4.1117  10.8313 0.375
 -4.8276  10.5930 0.375
 -5.7392  10.4581 0.375
 -6.8412  10.3658 0.375
 -8.1061  10.2525 0.375
 -9.4864  10.0582 0.375
-10.9175   9.7329 0.375
-12.3231   9.2413 0.375
-13.6218   8.5664 0.375
-14.7343   7.7105 0.375
-15.5900   6.6951 0.375
-16.1336   5.5579 0.375
-16.3302   4.3490 0.375
-16.1684   3.1250 0.375
-15.6611   1.9431 0.375
-14.8451   0.8548 0.375
-13.7773  -0.0993 0.375
-12.5297  -0.8944 0.375
-11.1835  -1.5241 0.375
 -9.8215  -2.0009 0.375
 -8.5215  -2.3554 0.375
 -7.3489  -2.6331 0.375
 -6.3523  -2.8895 0.375
 -5.5592  -3.1845 0.375
 -4.9746  -3.5755 0.375
 -4.5813  -4.1117 0.375
 -4.3430  -4.8276 0.375
 -4.2081  -5.7392 0.375
 -4.1158  -6.8412 0.375
 -4.0025  -8.1061 0.375
 -3.8082  -9.4864 0.375
 -3.4829 -10.9175 0.375
 -2.9913 -12.3231 0.375
 -2.3164 -13.6218 0.375
 -1.4605 -14.7343 0.375
 -0.4451 -15.5900 0.375
  0.6921 -16.1336 0.375
  1.9010 -16.3302 0.375
  3.1250 -16.1684 0.375
  4.3069 -15.6611 0.375
  5.3952 -14.8451 0.375
  6.3493 -13.7773 0.375
  7.1444 -12.5297 0.375
  7.7741 -11.1835 0.375
  8.2509  -9.8215 0.375
  8.6054  -8.5215 0.375
  8.8831  -7.3489 0.375
  9.1395  -6.3523 0.375
  9.4345  -5.5592 0.375
  9.8255  -4.9746 0.375
 10.3617  -4.5813 0.375
 11.0776  -4.3430 0.375
 11.9892  -4.2081 0.375
 13.0912  -4.1158 0.375
 14.3561  -4.0025 0.375
 15.7364  -3.8082 0.375
 17.1675  -3.4829 0.375
 18.5731  -2.9913 0.375
 19.8718  -2.3164 0.375
 20.9843  -1.4605 0.375
 21.8400  -0.4451 0.375
 22.3836   0.6921 0.375
 22.5802   1.9010 0.375
       =        =     =
 21.1516   3.2500 0.350
 20.6081   4.3421 0.350
 19.7886   5.3393 0.350
 18.7504   6.2069 0.350
 17.5636   6.9251 0.350
 16.3052   7.4919 0.350
 15.0519   7.9227 0.350
 13.8742   8.2494 0.350
 12.8298   8.5165 0.350
 11.9593   8.7771 0.350
 11.2833   9.0865 0.350
 10.8010   9.4968 0.350
 10.4918  10.0505 0.350
 10.3173  10.7759 0.350
 10.2264  11.6830 0.350
 10.1608  12.7619 0.350
 10.0609  13.9822 0.350
  9.8720  15.2953 0.350
  9.5499  16.6379 0.350
  9.0651  17.9374 0.350
  8.4057  19.1177 0.350
  7.5780  20.1066 0.350
  6.6057  20.8413 0.350
  5.5271  21.2748 0.350
  4.3906  21.3799 0.350
  3.2500  21.1516 0.350
  2.1579  20.6081 0.350
  1.1607  19.7886 0.350
  0.2931  18.7504 0.350
 -0.4251  17.5636 0.350
 -0.9919  16.3052 0.350
 -1.4227  15.0519 0.350
 -1.7494  13.8742 0.350
 -2.0165  12.8298 0.350
 -2.2771  11.9593 0.350
 -2.5865  11.2833 0.350
 -2.9968  10.8010 0.350
 -3.5505  10.4918 0.350
 -4.2759  10.3173 0.350
 -5.1830  10.2264 0.350
 -6.2619  10.1608 0.350
 -7.4822  10.0609 0.350
 -8.7953   9.8720 0.350
-10.1379   9.5499 0.350
-11.4374   9.0651 0.350
-12.6177   8.4057 0.350
-13.6066   7.5780 0.350
-14.3413   6.6057 0.350
-14.7748   5.5271 0.350
-14.8799   4.3906 0.350
-14.6516   3.2500 0.350
-14.1081   2.1579 0.350
-13.2886   1.1607 0.350
-12.2504   0.2931 0.350
-11.0636  -0.4251 0.350
 -9.8052  -0.9919 0.350
 -8.5519  -1.4227 0.350
 -7.3742  -1.7494 0.350
 -6.3298  -2.0165 0.350
 -5.4593  -2.2771 0.350
 -4.7833  -2.5865 0.350
 -4.3010  -2.9968 0.350
 -3.9918  -3.5505 0.350
 -3.8173  -4.2759 0.350
 -3.7264  -5.1830 0.350
 -3.6608  -6.2619 0.350
 -3.5609  -7.4822 0.350
 -3.3720  -8.7953 0.350
 -3.0499 -10.1379 0.350
 -2.5651 -11.4374 0.350
 -1.9057 -12.6177 0.350
 -1.0780 -13.6066 0.350
 -0.1057 -14.3413 0.350
  0.9729 -14.7748 0.350
  2.1094 -14.8799 0.350
  3.2500 -14.6516 0.350
  4.3421 -14.1081 0.350
  5.3393 -13.2886 0.350
  6.2069 -12.2504 0.350
  6.9251 -11.0636 0.350
  7.4919  -9.8052 0.350
  7.9227  -8.5519 0.350
  8.2494  -7.3742 0.350
  8.5165  -6.3298 0.350
  8.7771  -5.4593 0.350
  9.0865  -4.7833 0.350
  9.4968  -4.3010 0.350
 10.0505  -3.9918 0.350
 10.7759  -3.8173 0.350
 11.6830  -3.7264 0.350
 12.7619  -3.6608 0.350
 13.9822  -3.5609 0.350
 15.2953  -3.3720 0.350
 16.6379  -3.0499 0.350
 17.9374  -2.5651 0.350
 19.1177  -1.9057 0.350
 20.1066  -1.0780 0.350
 20.8413  -0.1057 0.350
 21.2748   0.9729 0.350
 21.3799   2.1094 0.350
       =        =     =
 19.8796   3.3750 0.325
 19.3124   4.3777 0.325
 18.5015   5.2859 0.325
 17.5036   6.0702 0.325
 16.3861   6.7157 0.325
 15.2210   7.2240 0.325
 14.0789   7.6130 0.325
 13.0227   7.9149 0.325
 12.1026   8.1731 0.325
 11.3519   8.4373 0.325
 10.7848   8.7585 0.325
 10.3956   9.1830 0.325
 10.1607   9.7472 0.325
 10.0408  10.4733 0.325
  9.9860  11.3663 0.325
  9.9409  12.4121 0.325
  9.8502  13.5783 0.325
  9.6648  14.8161 0.325
  9.3462  16.0644 0.325
  8.8703  17.2545 0.325
  8.2298  18.3164 0.325
  7.4343  19.1848 0.325
  6.5092  19.8048 0.325
  5.4926  20.1372 0.325
  4.4311  20.1618 0.325
  3.3750  19.8796 0.325
  2.3723  19.3124 0.325
  1.4641  18.5015 0.325
  0.6798  17.5036 0.325
  0.0343  16.3861 0.325
 -0.4740  15.2210 0.325
 -0.8630  14.0789 0.325
 -1.1649  13.0227 0.325
 -1.4231  12.1026 0.325
 -1.6873  11.3519 0.325
 -2.0085  10.7848 0.325
 -2.4330  10.3956 0.325
 -2.9972  10.1607 0.325
 -3.7233  10.0408 0.325
 -4.6163   9.9860 0.325
 -5.6621   9.9409 0.325
 -6.8283   9.8502 0.325
 -8.0661   9.6648 0.325
 -9.3144   9.3462 0.325
-10.5045   8.8703 0.325
-11.5664   8.2298 0.325
-12.4348   7.4343 0.325
-13.0548   6.5092 0.325
-13.3872   5.4926 0.325
-13.4118   4.4311 0.325
-13.1296   3.3750 0.325
-12.5624   2.3723 0.325
-11.7515   1.4641 0.325
-10.7536   0.6798 0.325
 -9.6361   0.0343 0.325
 -8.4710  -0.4740 0.325
 -7.3289  -0.8630 0.325
 -6.2727  -1.1649 0.325
 -5.3526  -1.4231 0.325
 -4.6019  -1.6873 0.325
 -4.0348  -2.0085 0.325
 -3.6456  -2.4330 0.325
 -3.4107  -2.9972 0.325
 -3.2908  -3.7233 0.325
 -3.2360  -4.6163 0.325
 -3.1909  -5.6621 0.325
 -3.1002  -6.8283 0.325
 -2.9148  -8.0661 0.325
 -2.5962  -9.3144 0.325
 -2.1203 -10.5045 0.325
 -1.4798 -11.5664 0.325
 -0.6843 -12.4348 0.325
  0.2408 -13.0548 0.325
  1.2574 -13.3872 0.325
  2.3189 -13.4118 0.325
  3.3750 -13.1296 0.325
  4.3777 -12.5624 0.325
  5.2859 -11.7515 0.325
  6.0702 -10.7536 0.325
  6.7157  -9.6361 0.325
  7.2240  -8.4710 0.325
  7.6130  -7.3289 0.325
  7.9149  -6.2727 0.325
  8.1731  -5.3526 0.325
  8.4373  -4.6019 0.325
  8.7585  -4.0348 0.325
  9.1830  -3.6456 0.325
  9.7472  -3.4107 0.325
 10.4733  -3.2908 0.325
 11.3663  -3.2360 0.325
 12.4121  -3.1909 0.325
 13.5783  -3.1002 0.325
 14.8161  -2.9148 0.325
 16.0644  -2.5962 0.325
 17.2545  -2.1203 0.325
 18.3164  -1.4798 0.325
 19.1848  -0.6843 0.325
 19.8048   0.2408 0.325
 20.1372   1.2574 0.325
 20.1618   2.3189 0.325
       =        =     =
 18.6076   3.5000 0.300
 18.0292   4.4141 0.300
 17.2384   5.2356 0.300
 16.2905   5.9399 0.300
 15.2495   6.5168 0.300
 14.1821   6.9708 0.300
 13.1523   7.3216 0.300
 12.2157   7.6013 0.300
 11.4151   7.8514 0.300
 10.7771   8.1182 0.300
 10.3100   8.4478 0.300
 10.0044   8.8809 0.300
  9.8341   9.4481 0.300
  9.7600  10.1662 0.300
  9.7338  11.0354 0.300
  9.7036  12.0385 0.300
  9.6189  13.1418 0.300
  9.4359  14.2973 0.300
  9.1215  15.4464 0.300
  8.6571  16.5252 0.300
  8.0391  17.4699 0.300
  7.2800  18.2221 0.300
  6.4062  18.7347 0.300
  5.4550  18.9757 0.300
  4.4709  18.9314 0.300
  3.5000  18.6076 0.300
  2.5859  18.0292 0.300
  1.7644  17.2384 0.300
  1.0601  16.2905 0.300
  0.4832  15.2495 0.300
  0.0292  14.1821 0.300
 -0.3216  13.1523 0.300
 -0.6013  12.2157 0.300
 -0.8514  11.4151 0.300
 -1.1182  10.7771 0.300
 -1.4478  10.3100 0.300
 -1.8809  10.0044 0.300
 -2.4481   9.8341 0.300
 -3.1662   9.7600 0.300
 -4.0354   9.7338 0.300
 -5.0385   9.7036 0.300
 -6.1418   9.6189 0.300
 -7.2973   9.4359 0.300
 -8.4464   9.1215 0.300
 -9.5252   8.6571 0.300
-10.4699   8.0391 0.300
-11.2221   7.2800 0.300
-11.7347   6.4062 0.300
-11.9757   5.4550 0.300
-11.9314   4.4709 0.300
-11.6076   3.5000 0.300
-11.0292   2.5859 0.300
-10.2384   1.7644 0.300
 -9.2905   1.0601 0.300
 -8.2495   0.4832 0.300
 -7.1821   0.0292 0.300
 -6.1523  -0.3216 0.300
 -5.2157  -0.6013 0.300
 -4.4151  -0.8514 0.300
 -3.7771  -1.1182 0.300
 -3.3100  -1.4478 0.300
 -3.0044  -1.8809 0.300
 -2.8341  -2.4481 0.300
 -2.7600  -3.1662 0.300
 -2.7338  -4.0354 0.300
 -2.7036  -5.0385 0.300
 -2.6189  -6.1418 0.300
 -2.4359  -7.2973 0.300
 -2.1215  -8.4464 0.300
 -1.6571  -9.5252 0.300
 -1.0391 -10.4699 0.300
 -0.2800 -11.2221 0.300
  0.5938 -11.7347 0.300
  1.5450 -11.9757 0.300
  2.5291 -11.9314 0.300
  3.5000 -11.6076 0.300
  4.4141 -11.0292 0.300
  5.2356 -10.2384 0.300
  5.9399  -9.2905 0.300
  6.5168  -8.2495 0.300
  6.9708  -7.1821 0.300
  7.3216  -6.1523 0.300
  7.6013  -5.2157 0.300
  7.8514  -4.4151 0.300
  8.1182  -3.7771 0.300
  8.4478  -3.3100 0.300
  8.8809  -3.0044 0.300
  9.4481  -2.8341 0.300
 10.1662  -2.7600 0.300
 11.0354  -2.7338 0.300
 12.0385  -2.7036 0.300
 13.1418  -2.6189 0.300
 14.2973  -2.4359 0.300
 15.4464  -2.1215 0.300
 16.5252  -1.6571 0.300
 17.4699  -1.0391 0.300
 18.2221  -0.2800 0.300
 18.7347   0.5938 0.300
 18.9757   1.5450 0.300
 18.9314   2.5291 0.300
       =        =     =
 17.3408   3.6250 0.275
 16.7632   4.4516 0.275
 16.0033   5.1887 0.275
 15.1142   5.8167 0.275
 14.1557   6.3288 0.275
 13.1890   6.7325 0.275
 12.2714   7.0484 0.275
 11.4514   7.3078 0.275
 10.7646   7.5500 0.275
 10.2314   7.8175 0.275
  9.8552   8.1515 0.275
  9.6233   8.5872 0.275
  9.5083   9.1498 0.275
  9.4715   9.8509 0.275
  9.4671  10.6868 0.275
  9.4469  11.6382 0.275
  9.3655  12.6707 0.275
  9.1844  13.7376 0.275
  8.8760  14.7839 0.275
  8.4259  15.7508 0.275
  7.8345  16.5805 0.275
  7.1161  17.2220 0.275
  6.2976  17.6354 0.275
  5.4151  17.7954 0.275
  4.5101  17.6938 0.275
  3.6250  17.3408 0.275
  2.7984  16.7632 0.275
  2.0613  16.0033 0.275
  1.4333  15.1142 0.275
  0.9212  14.1557 0.275
  0.5175  13.1890 0.275
  0.2016  12.2714 0.275
 -0.0578  11.4514 0.275
 -0.3000  10.7646 0.275
 -0.5675  10.2314 0.275
 -0.9015   9.8552 0.275
 -1.3372   9.6233 0.275
 -1.8998   9.5083 0.275
 -2.6009   9.4715 0.275
 -3.4368   9.4671 0.275
 -4.3882   9.4469 0.275
 -5.4207   9.3655 0.275
 -6.4876   9.1844 0.275
 -7.5339   8.8760 0.275
 -8.5008   8.4259 0.275
 -9.3305   7.8345 0.275
 -9.9720   7.1161 0.275
-10.3854   6.2976 0.275
-10.5454   5.4151 0.275
-10.4438   4.5101 0.275
-10.0908   3.6250 0.275
 -9.5132   2.7984 0.275
 -8.7533   2.0613 0.275
 -7.8642   1.4333 0.275
 -6.9057   0.9212 0.275
 -5.9390   0.5175 0.275
 -5.0214   0.2016 0.275
 -4.2014  -0.0578 0.275
 -3.5146  -0.3000 0.275
 -2.9814  -0.5675 0.275
 -2.6052  -0.9015 0.275
 -2.3733  -1.3372 0.275
 -2.2583  -1.8998 0.275
 -2.2215  -2.6009 0.275
 -2.2171  -3.4368 0.275
 -2.1969  -4.3882 0.275
 -2.1155  -5.4207 0.275
 -1.9344  -6.4876 0.275
 -1.6260  -7.5339 0.275
 -1.1759  -8.5008 0.275
 -0.5845  -9.3305 0.275
  0.1339  -9.9720 0.275
  0.9524 -10.3854 0.275
  1.8349 -10.5454 0.275
  2.7399 -10.4438 0.275
  3.6250 -10.0908 0.275
  4.4516  -9.5132 0.275
  5.1887  -8.7533 0.275
  5.8167  -7.8642 0.275
  6.3288  -6.9057 0.275
  6.7325  -5.9390 0.275
  7.0484  -5.0214 0.275
  7.3078  -4.2014 0.275
  7.5500  -3.5146 0.275
  7.8175  -2.9814 0.275
  8.1515  -2.6052 0.275
  8.5872  -2.3733 0.275
  9.1498  -2.2583 0.275
  9.8509  -2.2215 0.275
 10.6868  -2.2171 0.275
 11.6382  -2.1969 0.275
 12.6707  -2.1155 0.275
 13.7376  -1.9344 0.275
 14.7839  -1.6260 0.275
 15.7508  -1.1759 0.275
 16.5805  -0.5845 0.275
 17.2220   0.1339 0.275
 17.6354   0.9524 0.275
 17.7954   1.8349 0.275
 17.6938   2.7399 0.275
       =        =     =
 16.0842   3.7500 0.250
 15.5190   4.4904 0.250
 14.7998   5.1459 0.250
 13.9771   5.7009 0.250
 13.1061   6.1522 0.250
 12.2420   6.5092 0.250
 11.4353   6.7928 0.250
 10.7275   7.0334 0.250
 10.1479   7.2673 0.250
  9.7110   7.5330 0.250
  9.4163   7.8668 0.250
  9.2484   8.2986 0.250
  9.1794   8.8485 0.250
  9.1719   9.5237 0.250
  9.1830  10.3174 0.250
  9.1690  11.2085 0.250
  9.0891  12.1630 0.250
  8.9102  13.1364 0.250
  8.6097  14.0775 0.250
  8.1776  14.9328 0.250
  7.6169  15.6511 0.250
  6.9436  16.1884 0.250
  6.1844  16.5115 0.250
  5.3735  16.6012 0.250
  4.5493  16.4544 0.250
  3.7500  16.0842 0.250
  3.0096  15.5190 0.250
  2.3541  14.7998 0.250
  1.7991  13.9771 0.250
  1.3478  13.1061 0.250
  0.9908  12.2420 0.250
  0.7072  11.4353 0.250
  0.4666  10.7275 0.250
  0.2327  10.1479 0.250
 -0.0330   9.7110 0.250
 -0.3668   9.4163 0.250
 -0.7986   9.2484 0.250
 -1.3485   9.1794 0.250
 -2.0237   9.1719 0.250
 -2.8174   9.1830 0.250
 -3.7085   9.1690 0.250
 -4.6630   9.0891 0.250
 -5.6364   8.9102 0.250
 -6.5775   8.6097 0.250
 -7.4328   8.1776 0.250
 -8.1511   7.6169 0.250
 -8.6884   6.9436 0.250
 -9.0115   6.1844 0.250
 -9.1012   5.3735 0.250
 -8.9544   4.5493 0.250
 -8.5842   3.7500 0.250
 -8.0190   3.0096 0.250
 -7.2998   2.3541 0.250
 -6.4771   1.7991 0.250
 -5.6061   1.3478 0.250
 -4.7420   0.9908 0.250
 -3.9353   0.7072 0.250
 -3.2275   0.4666 0.250
 -2.6479   0.2327 0.250
 -2.2110  -0.0330 0.250
 -1.9163  -0.3668 0.250
 -1.7484  -0.7986 0.250
 -1.6794  -1.3485 0.250
 -1.6719  -2.0237 0.250
 -1.6830  -2.8174 0.250
 -1.6690  -3.7085 0.250
 -1.5891  -4.6630 0.250
 -1.4102  -5.6364 0.250
 -1.1097  -6.5775 0.250
 -0.6776  -7.4328 0.250
 -0.1169  -8.1511 0.250
  0.5564  -8.6884 0.250
  1.3156  -9.0115 0.250
  2.1265  -9.1012 0.250
  2.9507  -8.9544 0.250
  3.7500  -8.5842 0.250
  4.4904  -8.0190 0.250
  5.1459  -7.2998 0.250
  5.7009  -6.4771 0.250
  6.1522  -5.6061 0.250
  6.5092  -4.7420 0.250
  6.7928  -3.9353 0.250
  7.0334  -3.2275 0.250
  7.2673  -2.6479 0.250
  7.5330  -2.2110 0.250
  7.8668  -1.9163 0.250
  8.2986  -1.7484 0.250
  8.8485  -1.6794 0.250
  9.5237  -1.6719 0.250
 10.3174  -1.6830 0.250
 11.2085  -1.6690 0.250
 12.1630  -1.5891 0.250
 13.1364  -1.4102 0.250
 14.0775  -1.1097 0.250
 14.9328  -0.6776 0.250
 15.6511  -0.1169 0.250
 16.1884   0.5564 0.250
 16.5115   1.3156 0.250
 16.6012   2.1265 0.250
 16.4544   2.9507 0.250
       =        =     =
 14.8428   3.8750 0.225
 14.3006   4.5309 0.225
 13.6312   5.1075 0.225
 12.8815   5.5931 0.225
 12.1016   5.9872 0.225
 11.3407   6.3007 0.225
 10.6424   6.5544 0.225
 10.0417   6.7768 0.225
  9.5617   7.0013 0.225
  9.2122   7.2621 0.225
  8.9891   7.5906 0.225
  8.8755   8.0118 0.225
  8.8437   8.5409 0.225
  8.8581   9.1815 0.225
  8.8794   9.9243 0.225
  8.8680  10.7473 0.225
  8.7886  11.6176 0.225
  8.6130  12.4934 0.225
  8.3232  13.3279 0.225
  7.9128  14.0734 0.225
  7.3874  14.6850 0.225
  6.7636  15.1254 0.225
  6.0674  15.3678 0.225
  5.3307  15.3984 0.225
  4.5887  15.2183 0.225
  3.8750  14.8428 0.225
  3.2191  14.3006 0.225
  2.6425  13.6312 0.225
  2.1569  12.8815 0.225
  1.7628  12.1016 0.225
  1.4493  11.3407 0.225
  1.1956  10.6424 0.225
  0.9732  10.0417 0.225
  0.7487   9.5617 0.225
  0.4879   9.2122 0.225
  0.1594   8.9891 0.225
 -0.2618   8.8755 0.225
 -0.7909   8.8437 0.225
 -1.4315   8.8581 0.225
 -2.1743   8.8794 0.225
 -2.9973   8.8680 0.225
 -3.8676   8.7886 0.225
 -4.7434   8.6130 0.225
 -5.5779   8.3232 0.225
 -6.3234   7.9128 0.225
 -6.9350   7.3874 0.225
 -7.3754   6.7636 0.225
 -7.6178   6.0674 0.225
 -7.6484   5.3307 0.225
 -7.4683   4.5887 0.225
 -7.0928   3.8750 0.225
 -6.5506   3.2191 0.225
 -5.8812   2.6425 0.225
 -5.1315   2.1569 0.225
 -4.3516   1.7628 0.225
 -3.5907   1.4493 0.225
 -2.8924   1.1956 0.225
 -2.2917   0.9732 0.225
 -1.8117   0.7487 0.225
 -1.4622   0.4879 0.225
 -1.2391   0.1594 0.225
 -1.1255  -0.2618 0.225
 -1.0937  -0.7909 0.225
 -1.1081  -1.4315 0.225
 -1.1294  -2.1743 0.225
 -1.1180  -2.9973 0.225
 -1.0386  -3.8676 0.225
 -0.8630  -4.7434 0.225
 -0.5732  -5.5779 0.225
 -0.1628  -6.3234 0.225
  0.3626  -6.9350 0.225
  0.9864  -7.3754 0.225
  1.6826  -7.6178 0.225
  2.4193  -7.6484 0.225
  3.1613  -7.4683 0.225
  3.8750  -7.0928 0.225
  4.5309  -6.5506 0.225
  5.1075  -5.8812 0.225
  5.5931  -5.1315 0.225
  5.9872  -4.3516 0.225
  6.3007  -3.5907 0.225
  6.5544  -2.8924 0.225
  6.7768  -2.2917 0.225
  7.0013  -1.8117 0.225
  7.2621  -1.4622 0.225
  7.5906  -1.2391 0.225
  8.0118  -1.1255 0.225
  8.5409  -1.0937 0.225
  9.1815  -1.1081 0.225
  9.9243  -1.1294 0.225
 10.7473  -1.1180 0.225
 11.6176  -1.0386 0.225
 12.4934  -0.8630 0.225
 13.3279  -0.5732 0.225
 14.0734  -0.1628 0.225
 14.6850   0.3626 0.225
 15.1254   0.9864 0.225
 15.3678   1.6826 0.225
 15.3984   2.4193 0.225
 15.2183   3.1613 0.225
       =        =     =
 13.6211   4.0000 0.200
 13.1120   4.5733 0.200
 12.5004   5.0739 0.200
 11.8291   5.4935 0.200
 11.1427   5.8339 0.200
 10.4841   6.1068 0.200
  9.8906   6.3323 0.200
  9.3908   6.5367 0.200
  9.0024   6.7501 0.200
  8.7308   7.0023 0.200
  8.5695   7.3200 0.200
  8.5008   7.7233 0.200
  8.4976   8.2236 0.200
  8.5272   8.8210 0.200
  8.5539   9.5047 0.200
  8.5428  10.2527 0.200
  8.4636  11.0335 0.200
  8.2929  11.8088 0.200
  8.0171  12.5367 0.200
  7.6327  13.1751 0.200
  7.1471  13.6856 0.200
  6.5771  14.0373 0.200
  5.9475  14.2091 0.200
  5.2876  14.1922 0.200
  4.6286  13.9905 0.200
  4.0000  13.6211 0.200
  3.4267  13.1120 0.200
  2.9261  12.5004 0.200
  2.5065  11.8291 0.200
  2.1661  11.1427 0.200
  1.8932  10.4841 0.200
  1.6677   9.8906 0.200
  1.4633   9.3908 0.200
  1.2499   9.0024 0.200
  0.9977   8.7308 0.200
  0.6800   8.5695 0.200
  0.2767   8.5008 0.200
 -0.2236   8.4976 0.200
 -0.8210   8.5272 0.200
 -1.5047   8.5539 0.200
 -2.2527   8.5428 0.200
 -3.0335   8.4636 0.200
 -3.8088   8.2929 0.200
 -4.5367   8.0171 0.200
 -5.1751   7.6327 0.200
 -5.6856   7.1471 0.200
 -6.0373   6.5771 0.200
 -6.2091   5.9475 0.200
 -6.1922   5.2876 0.200
 -5.9905   4.6286 0.200
 -5.6211   4.0000 0.200
 -5.1120   3.4267 0.200
 -4.5004   2.9261 0.200
 -3.8291   2.5065 0.200
 -3.1427   2.1661 0.200
 -2.4841   1.8932 0.200
 -1.8906   1.6677 0.200
 -1.3908   1.4633 0.200
 -1.0024   1.2499 0.200
 -0.7308   0.9977 0.200
 -0.5695   0.6800 0.200
 -0.5008   0.2767 0.200
 -0.4976  -0.2236 0.200
 -0.5272  -0.8210 0.200
 -0.5539  -1.5047 0.200
 -0.5428  -2.2527 0.200
 -0.4636  -3.0335 0.200
 -0.2929  -3.8088 0.200
 -0.0171  -4.5367 0.200
  0.3673  -5.1751 0.200
  0.8529  -5.6856 0.200
  1.4229  -6.0373 0.200
  2.0525  -6.2091 0.200
  2.7124  -6.1922 0.200
  3.3714  -5.9905 0.200
  4.0000  -5.6211 0.200
  4.5733  -5.1120 0.200
  5.0739  -4.5004 0.200
  5.4935  -3.8291 0.200
  5.8339  -3.1427 0.200
  6.1068  -2.4841 0.200
  6.3323  -1.8906 0.200
  6.5367  -1.3908 0.200
  6.7501  -1.0024 0.200
  7.0023  -0.7308 0.200
  7.3200  -0.5695 0.200
  7.7233  -0.5008 0.200
  8.2236  -0.4976 0.200
  8.8210  -0.5272 0.200
  9.5047  -0.5539 0.200
 10.2527  -0.5428 0.200
 11.0335  -0.4636 0.200
 11.8088  -0.2929 0.200
 12.5367  -0.0171 0.200
 13.1751   0.3673 0.200
 13.6856   0.8529 0.200
 14.0373   1.4229 0.200
 14.2091   2.0525 0.200
 14.1922   2.7124 0.200
 13.9905   3.3714 0.200
       =        =     =
 12.4235   4.1250 0.175
 11.9567   4.6177 0.175
 11.4098   5.0453 0.175
 10.8210   5.4023 0.175
 10.2292   5.6923 0.175
  9.6711   5.9271 0.175
  9.1777   6.1255 0.175
  8.7717   6.3116 0.175
  8.4660   6.5115 0.175
  8.2627   6.7509 0.175
  8.1534   7.0518 0.175
  8.1202   7.4301 0.175
  8.1379   7.8934 0.175
  8.1766   8.4395 0.175
  8.2047   9.0565 0.175
  8.1923   9.7231 0.175
  8.1137  10.4102 0.175
  7.9504  11.0833 0.175
  7.6921  11.7056 0.175
  7.3383  12.2408 0.175
  6.8972  12.6569 0.175
  6.3854  12.9287 0.175
  5.8257  13.0406 0.175
  5.2446  12.9875 0.175
  4.6693  12.7760 0.175
  4.1250  12.4235 0.175
  3.6323  11.9567 0.175
  3.2047  11.4098 0.175
  2.8477  10.8210 0.175
  2.5577  10.2292 0.175
  2.3229   9.6711 0.175
  2.1245   9.1777 0.175
  1.9384   8.7717 0.175
  1.7385   8.4660 0.175
  1.4991   8.2627 0.175
  1.1982   8.1534 0.175
  0.8199   8.1202 0.175
  0.3566   8.1379 0.175
 -0.1895   8.1766 0.175
 -0.8065   8.2047 0.175
 -1.4731   8.1923 0.175
 -2.1602   8.1137 0.175
 -2.8333   7.9504 0.175
 -3.4556   7.6921 0.175
 -3.9908   7.3383 0.175
 -4.4069   6.8972 0.175
 -4.6787   6.3854 0.175
 -4.7906   5.8257 0.175
 -4.7375   5.2446 0.175
 -4.5260   4.6693 0.175
 -4.1735   4.1250 0.175
 -3.7067   3.6323 0.175
 -3.1598   3.2047 0.175
 -2.5710   2.8477 0.175
 -1.9792   2.5577 0.175
 -1.4211   2.3229 0.175
 -0.9277   2.1245 0.175
 -0.5217   1.9384 0.175
 -0.2160   1.7385 0.175
 -0.0127   1.4991 0.175
  0.0966   1.1982 0.175
  0.1298   0.8199 0.175
  0.1121   0.3566 0.175
  0.0734  -0.1895 0.175
  0.0453  -0.8065 0.175
  0.0577  -1.4731 0.175
  0.1363  -2.1602 0.175
  0.2996  -2.8333 0.175
  0.5579  -3.4556 0.175
  0.9117  -3.9908 0.175
  1.3528  -4.4069 0.175
  1.8646  -4.6787 0.175
  2.4243  -4.7906 0.175
  3.0054  -4.7375 0.175
  3.5807  -4.5260 0.175
  4.1250  -4.1735 0.175
  4.6177  -3.7067 0.175
  5.0453  -3.1598 0.175
  5.4023  -2.5710 0.175
  5.6923  -1.9792 0.175
  5.9271  -1.4211 0.175
  6.1255  -0.9277 0.175
  6.3116  -0.5217 0.175
  6.5115  -0.2160 0.175
  6.7509  -0.0127 0.175
  7.0518   0.0966 0.175
  7.4301   0.1298 0.175
  7.8934   0.1121 0.175
  8.4395   0.0734 0.175
  9.0565   0.0453 0.175
  9.7231   0.0577 0.175
 10.4102   0.1363 0.175
 11.0833   0.2996 0.175
 11.7056   0.5579 0.175
 12.2408   0.9117 0.175
 12.6569   1.3528 0.175
 12.9287   1.8646 0.175
 13.0406   2.4243 0.175
 12.9875   3.0054 0.175
 12.7760   3.5807 0.175
       =        =     =
 11.2538   4.2500 0.150
 10.8377   4.6645 0.150
 10.3613   5.0220 0.150
  9.8579   5.3198 0.150
  9.3606   5.5622 0.150
  8.8999   5.7609 0.150
  8.5008   5.9330 0.150
  8.1808   6.0997 0.150
  7.9486   6.2833 0.150
  7.8037   6.5052 0.150
  7.7366   6.7832 0.150
  7.7301   7.1290 0.150
  7.7613   7.5473 0.150
  7.8037   8.0343 0.150
  7.8302   8.5777 0.150
  7.8156   9.1576 0.150
  7.7390   9.7477 0.150
  7.5859  10.3180 0.150
  7.3495  10.8367 0.150
  7.0309  11.2737 0.150
  6.6391  11.6028 0.150
  6.1896  11.8044 0.150
  5.7031  11.8672 0.150
  5.2025  11.7895 0.150
  4.7111  11.5794 0.150
  4.2500  11.2538 0.150
  3.8355  10.8377 0.150
  3.4780  10.3613 0.150
  3.1802   9.8579 0.150
  2.9378   9.3606 0.150
  2.7391   8.8999 0.150
  2.5670   8.5008 0.150
  2.4003   8.1808 0.150
  2.2167   7.9486 0.150
  1.9948   7.8037 0.150
  1.7168   7.7366 0.150
  1.3710   7.7301 0.150
  0.9527   7.7613 0.150
  0.4657   7.8037 0.150
 -0.0777   7.8302 0.150
 -0.6576   7.8156 0.150
 -1.2477   7.7390 0.150
 -1.8180   7.5859 0.150
 -2.3367   7.3495 0.150
 -2.7737   7.0309 0.150
 -3.1028   6.6391 0.150
 -3.3044   6.1896 0.150
 -3.3672   5.7031 0.150
 -3.2895   5.2025 0.150
 -3.0794   4.7111 0.150
 -2.7538   4.2500 0.150
 -2.3377   3.8355 0.150
 -1.8613   3.4780 0.150
 -1.3579   3.1802 0.150
 -0.8606   2.9378 0.150
 -0.3999   2.7391 0.150
 -0.0008   2.5670 0.150
  0.3192   2.4003 0.150
  0.5514   2.2167 0.150
  0.6963   1.9948 0.150
  0.7634   1.7168 0.150
  0.7699   1.3710 0.150
  0.7387   0.9527 0.150
  0.6963   0.4657 0.150
  0.6698  -0.0777 0.150
  0.6844  -0.6576 0.150
  0.7610  -1.2477 0.150
  0.9141  -1.8180 0.150
  1.1505  -2.3367 0.150
  1.4691  -2.7737 0.150
  1.8609  -3.1028 0.150
  2.3104  -3.3044 0.150
  2.7969  -3.3672 0.150
  3.2975  -3.2895 0.150
  3.7889  -3.0794 0.150
  4.2500  -2.7538 0.150
  4.6645  -2.3377 0.150
  5.0220  -1.8613 0.150
  5.3198  -1.3579 0.150
  5.5622  -0.8606 0.150
  5.7609  -0.3999 0.150
  5.9330  -0.0008 0.150
  6.0997   0.3192 0.150
  6.2833   0.5514 0.150
  6.5052   0.6963 0.150
  6.7832   0.7634 0.150
  7.1290   0.7699 0.150
  7.5473   0.7387 0.150
  8.0343   0.6963 0.150
  8.5777   0.6698 0.150
  9.1576   0.6844 0.150
  9.7477   0.7610 0.150
 10.3180   0.9141 0.150
 10.8367   1.1505 0.150
 11.2737   1.4691 0.150
 11.6028   1.8609 0.150
 11.8044   2.3104 0.150
 11.8672   2.7969 0.150
 11.7895   3.2975 0.150
 11.5794   3.7889 0.150
       =        =     =
 10.1159   4.3750 0.125
  9.7576   4.7136 0.125
  9.3563   5.0043 0.125
  8.9399   5.2458 0.125
  8.5358   5.4433 0.125
  8.1683   5.6075 0.125
  7.8569   5.7536 0.125
  7.6143   5.8993 0.125
  7.4459   6.0633 0.125
  7.3494   6.2626 0.125
  7.3150   6.5110 0.125
  7.3268   6.8170 0.125
  7.3649   7.1827 0.125
  7.4065   7.6032 0.125
  7.4291   8.0667 0.125
  7.4122   8.5554 0.125
  7.3396   9.0464 0.125
  7.2003   9.5143 0.125
  6.9903   9.9327 0.125
  6.7119  10.2774 0.125
  6.3741  10.5277 0.125
  5.9910  10.6691 0.125
  5.5804  10.6940 0.125
  5.1618  10.6031 0.125
  4.7544  10.4050 0.125
  4.3750  10.1159 0.125
  4.0364   9.7576 0.125
  3.7457   9.3563 0.125
  3.5042   8.9399 0.125
  3.3067   8.5358 0.125
  3.1425   8.1683 0.125
  2.9964   7.8569 0.125
  2.8507   7.6143 0.125
  2.6867   7.4459 0.125
  2.4874   7.3494 0.125
  2.2390   7.3150 0.125
  1.9330   7.3268 0.125
  1.5673   7.3649 0.125
  1.1468   7.4065 0.125
  0.6833   7.4291 0.125
  0.1946   7.4122 0.125
 -0.2964   7.3396 0.125
 -0.7643   7.2003 0.125
 -1.1827   6.9903 0.125
 -1.5274   6.7119 0.125
 -1.7777   6.3741 0.125
 -1.9191   5.9910 0.125
 -1.9440   5.5804 0.125
 -1.8531   5.1618 0.125
 -1.6550   4.7544 0.125
 -1.3659   4.3750 0.125
 -1.0076   4.0364 0.125
 -0.6063   3.7457 0.125
 -0.1899   3.5042 0.125
  0.2142   3.3067 0.125
  0.5817   3.1425 0.125
  0.8931   2.9964 0.125
  1.1357   2.8507 0.125
  1.3041   2.6867 0.125
  1.4006   2.4874 0.125
  1.4350   2.2390 0.125
  1.4232   1.9330 0.125
  1.3851   1.5673 0.125
  1.3435   1.1468 0.125
  1.3209   0.6833 0.125
  1.3378   0.1946 0.125
  1.4104  -0.2964 0.125
  1.5497  -0.7643 0.125
  1.7597  -1.1827 0.125
  2.0381  -1.5274 0.125
  2.3759  -1.7777 0.125
  2.7590  -1.9191 0.125
  3.1696  -1.9440 0.125
  3.5882  -1.8531 0.125
  3.9956  -1.6550 0.125
  4.3750  -1.3659 0.125
  4.7136  -1.0076 0.125
  5.0043  -0.6063 0.125
  5.2458  -0.1899 0.125
  5.4433   0.2142 0.125
  5.6075   0.5817 0.125
  5.7536   0.8931 0.125
  5.8993   1.1357 0.125
  6.0633   1.3041 0.125
  6.2626   1.4006 0.125
  6.5110   1.4350 0.125
  6.8170   1.4232 0.125
  7.1827   1.3851 0.125
  7.6032   1.3435 0.125
  8.0667   1.3209 0.125
  8.5554   1.3378 0.125
  9.0464   1.4104 0.125
  9.5143   1.5497 0.125
  9.9327   1.7597 0.125
 10.2774   2.0381 0.125
 10.5277   2.3759 0.125
 10.6691   2.7590 0.125
 10.6940   3.1696 0.125
 10.6031   3.5882 0.125
 10.4050   3.9956 0.125
       =        =     =
  9.0129   4.5000 0.100
  8.7186   4.7654 0.100
  8.3958   4.9922 0.100
  8.0669   5.1804 0.100
  7.7533   5.3353 0.100
  7.4737   5.4662 0.100
  7.2423   5.5858 0.100
  7.0681   5.7085 0.100
  6.9537   5.8489 0.100
  6.8955   6.0202 0.100
  6.8845   6.2324 0.100
  6.9069   6.4912 0.100
  6.9458   6.7968 0.100
  6.9830   7.1441 0.100
  7.0003   7.5224 0.100
  6.9821   7.9163 0.100
  6.9160   8.3071 0.100
  6.7947   8.6741 0.100
  6.6159   8.9966 0.100
  6.3829   9.2558 0.100
  6.1039   9.4362 0.100
  5.7909   9.5277 0.100
  5.4587   9.5259 0.100
  5.1232   9.4329 0.100
  4.7993   9.2571 0.100
  4.5000   9.0129 0.100
  4.2346   8.7186 0.100
  4.0078   8.3958 0.100
  3.8196   8.0669 0.100
  3.6647   7.7533 0.100
  3.5338   7.4737 0.100
  3.4142   7.2423 0.100
  3.2915   7.0681 0.100
  3.1511   6.9537 0.100
  2.9798   6.8955 0.100
  2.7676   6.8845 0.100
  2.5088   6.9069 0.100
  2.2032   6.9458 0.100
  1.8559   6.9830 0.100
  1.4776   7.0003 0.100
  1.0837   6.9821 0.100
  0.6929   6.9160 0.100
  0.3259   6.7947 0.100
  0.0034   6.6159 0.100
 -0.2558   6.3829 0.100
 -0.4362   6.1039 0.100
 -0.5277   5.7909 0.100
 -0.5259   5.4587 0.100
 -0.4329   5.1232 0.100
 -0.2571   4.7993 0.100
 -0.0129   4.5000 0.100
  0.2814   4.2346 0.100
  0.6042   4.0078 0.100
  0.9331   3.8196 0.100
  1.2467   3.6647 0.100
  1.5263   3.5338 0.100
  1.7577   3.4142 0.100
  1.9319   3.2915 0.100
  2.0463   3.1511 0.100
  2.1045   2.9798 0.100
  2.1155   2.7676 0.100
  2.0931   2.5088 0.100
  2.0542   2.2032 0.100
  2.0170   1.8559 0.100
  1.9997   1.4776 0.100
  2.0179   1.0837 0.100
  2.0840   0.6929 0.100
  2.2053   0.3259 0.100
  2.3841   0.0034 0.100
  2.6171  -0.2558 0.100
  2.8961  -0.4362 0.100
  3.2091  -0.5277 0.100
  3.5413  -0.5259 0.100
  3.8768  -0.4329 0.100
  4.2007  -0.2571 0.100
  4.5000  -0.0129 0.100
  4.7654   0.2814 0.100
  4.9922   0.6042 0.100
  5.1804   0.9331 0.100
  5.3353   1.2467 0.100
  5.4662   1.5263 0.100
  5.5858   1.7577 0.100
  5.7085   1.9319 0.100
  5.8489   2.0463 0.100
  6.0202   2.1045 0.100
  6.2324   2.1155 0.100
  6.4912   2.0931 0.100
  6.7968   2.0542 0.100
  7.1441   2.0170 0.100
  7.5224   1.9997 0.100
  7.9163   2.0179 0.100
  8.3071   2.0840 0.100
  8.6741   2.2053 0.100
  8.9966   2.3841 0.100
  9.2558   2.6171 0.100
  9.4362   2.8961 0.100
  9.5277   3.2091 0.100
  9.5259   3.5413 0.100
  9.4329   3.8768 0.100
  9.2571   4.2007 0.100
       =        =     =
  7.9476   4.6250 0.075
  7.7224   4.8199 0.075
  7.4802   4.9857 0.075
  7.2379   5.1234 0.075
  7.0111   5.2376 0.075
  6.8130   5.3359 0.075
  6.6535   5.4281 0.075
  6.5380   5.5252 0.075
  6.4674   5.6378 0.075
  6.4378   5.7754 0.075
  6.4414   5.9447 0.075
  6.4671   6.1489 0.075
  6.5018   6.3875 0.075
  6.5316   6.6554 0.075
  6.5432   6.9438 0.075
  6.5252   7.2404 0.075
  6.4692   7.5310 0.075
  6.3703   7.7998 0.075
  6.2280   8.0316 0.075
  6.0455   8.2128 0.075
  5.8298   8.3329 0.075
  5.5905   8.3853 0.075
  5.3390   8.3678 0.075
  5.0872   8.2834 0.075
  4.8461   8.1395 0.075
  4.6250   7.9476 0.075
  4.4301   7.7224 0.075
  4.2643   7.4802 0.075
  4.1266   7.2379 0.075
  4.0124   7.0111 0.075
  3.9141   6.8130 0.075
  3.8219   6.6535 0.075
  3.7248   6.5380 0.075
  3.6122   6.4674 0.075
  3.4746   6.4378 0.075
  3.3053   6.4414 0.075
  3.1011   6.4671 0.075
  2.8625   6.5018 0.075
  2.5946   6.5316 0.075
  2.3062   6.5432 0.075
  2.0096   6.5252 0.075
  1.7190   6.4692 0.075
  1.4502   6.3703 0.075
  1.2184   6.2280 0.075
  1.0372   6.0455 0.075
  0.9171   5.8298 0.075
  0.8647   5.5905 0.075
  0.8822   5.3390 0.075
  0.9666   5.0872 0.075
  1.1105   4.8461 0.075
  1.3024   4.6250 0.075
  1.5276   4.4301 0.075
  1.7698   4.2643 0.075
  2.0121   4.1266 0.075
  2.2389   4.0124 0.075
  2.4370   3.9141 0.075
  2.5965   3.8219 0.075
  2.7120   3.7248 0.075
  2.7826   3.6122 0.075
  2.8122   3.4746 0.075
  2.8086   3.3053 0.075
  2.7829   3.1011 0.075
  2.7482   2.8625 0.075
  2.7184   2.5946 0.075
  2.7068   2.3062 0.075
  2.7248   2.0096 0.075
  2.7808   1.7190 0.075
  2.8797   1.4502 0.075
  3.0220   1.2184 0.075
  3.2045   1.0372 0.075
  3.4202   0.9171 0.075
  3.6595   0.8647 0.075
  3.9110   0.8822 0.075
  4.1628   0.9666 0.075
  4.4039   1.1105 0.075
  4.6250   1.3024 0.075
  4.8199   1.5276 0.075
  4.9857   1.7698 0.075
  5.1234   2.0121 0.075
  5.2376   2.2389 0.075
  5.3359   2.4370 0.075
  5.4281   2.5965 0.075
  5.5252   2.7120 0.075
  5.6378   2.7826 0.075
  5.7754   2.8122 0.075
  5.9447   2.8086 0.075
  6.1489   2.7829 0.075
  6.3875   2.7482 0.075
  6.6554   2.7184 0.075
  6.9438   2.7068 0.075
  7.2404   2.7248 0.075
  7.5310   2.7808 0.075
  7.7998   2.8797 0.075
  8.0316   3.0220 0.075
  8.2128   3.2045 0.075
  8.3329   3.4202 0.075
  8.3853   3.6595 0.075
  8.3678   3.9110 0.075
  8.2834   4.1628 0.075
  8.1395   4.4039 0.075
       =        =     =
  6.9225   4.7500 0.050
  6.7702   4.8771 0.050
  6.6095   4.9849 0.050
  6.4517   5.0746 0.050
  6.3067   5.1497 0.050
  6.1830   5.2156 0.050
  6.0864   5.2791 0.050
  6.0196   5.3474 0.050
  5.9826   5.4276 0.050
  5.9720   5.5255 0.050
  5.9819   5.6450 0.050
  6.0045   5.7878 0.050
  6.0307   5.9526 0.050
  6.0513   6.1357 0.050
  6.0575   6.3305 0.050
  6.0421   6.5284 0.050
  6.0000   6.7197 0.050
  5.9286   6.8939 0.050
  5.8281   7.0412 0.050
  5.7014   7.1529 0.050
  5.5534   7.2226 0.050
  5.3910   7.2467 0.050
  5.2220   7.2245 0.050
  5.0543   7.1589 0.050
  4.8950   7.0554 0.050
  4.7500   6.9225 0.050
  4.6229   6.7702 0.050
  4.5151   6.6095 0.050
  4.4254   6.4517 0.050
  4.3503   6.3067 0.050
  4.2844   6.1830 0.050
  4.2209   6.0864 0.050
  4.1526   6.0196 0.050
  4.0724   5.9826 0.050
  3.9745   5.9720 0.050
  3.8550   5.9819 0.050
  3.7122   6.0045 0.050
  3.5474   6.0307 0.050
  3.3643   6.0513 0.050
  3.1695   6.0575 0.050
  2.9716   6.0421 0.050
  2.7803   6.0000 0.050
  2.6061   5.9286 0.050
  2.4588   5.8281 0.050
  2.3471   5.7014 0.050
  2.2774   5.5534 0.050
  2.2533   5.3910 0.050
  2.2755   5.2220 0.050
  2.3411   5.0543 0.050
  2.4446   4.8950 0.050
  2.5775   4.7500 0.050
  2.7298   4.6229 0.050
  2.8905   4.5151 0.050
  3.0483   4.4254 0.050
  3.1933   4.3503 0.050
  3.3170   4.2844 0.050
  3.4136   4.2209 0.050
  3.4804   4.1526 0.050
  3.5174   4.0724 0.050
  3.5280   3.9745 0.050
  3.5181   3.8550 0.050
  3.4955   3.7122 0.050
  3.4693   3.5474 0.050
  3.4487   3.3643 0.050
  3.4425   3.1695 0.050
  3.4579   2.9716 0.050
  3.5000   2.7803 0.050
  3.5714   2.6061 0.050
  3.6719   2.4588 0.050
  3.7986   2.3471 0.050
  3.9466   2.2774 0.050
  4.1090   2.2533 0.050
  4.2780   2.2755 0.050
  4.4457   2.3411 0.050
  4.6050   2.4446 0.050
  4.7500   2.5775 0.050
  4.8771   2.7298 0.050
  4.9849   2.8905 0.050
  5.0746   3.0483 0.050
  5.1497   3.1933 0.050
  5.2156   3.3170 0.050
  5.2791   3.4136 0.050
  5.3474   3.4804 0.050
  5.4276   3.5174 0.050
  5.5255   3.5280 0.050
  5.6450   3.5181 0.050
  5.7878   3.4955 0.050
  5.9526   3.4693 0.050
  6.1357   3.4487 0.050
  6.3305   3.4425 0.050
  6.5284   3.4579 0.050
  6.7197   3.5000 0.050
  6.8939   3.5714 0.050
  7.0412   3.6719 0.050
  7.1529   3.7986 0.050
  7.2226   3.9466 0.050
  7.2467   4.1090 0.050
  7.2245   4.2780 0.050
  7.1589   4.4457 0.050
  7.0554   4.6050 0.050
       =        =     =
  5.9395   4.8750 0.025
  5.8626   4.9371 0.025
  5.7831   4.9897 0.025
  5.7064   5.0336 0.025
  5.6374   5.0708 0.025
  5.5800   5.1041 0.025
  5.5367   5.1370 0.025
  5.5085   5.1731 0.025
  5.4949   5.2158 0.025
  5.4940   5.2678 0.025
  5.5025   5.3309 0.025
  5.5162   5.4055 0.025
  5.5306   5.4906 0.025
  5.5409   5.5841 0.025
  5.5430   5.6824 0.025
  5.5334   5.7811 0.025
  5.5098   5.8752 0.025
  5.4712   5.9596 0.025
  5.4182   6.0293 0.025
  5.3523   6.0804 0.025
  5.2763   6.1100 0.025
  5.1938   6.1167 0.025
  5.1088   6.1005 0.025
  5.0251   6.0632 0.025
  4.9463   6.0081 0.025
  4.8750   5.9395 0.025
  4.8129   5.8626 0.025
  4.7603   5.7831 0.025
  4.7164   5.7064 0.025
  4.6792   5.6374 0.025
  4.6459   5.5800 0.025
  4.6130   5.5367 0.025
  4.5769   5.5085 0.025
  4.5342   5.4949 0.025
  4.4822   5.4940 0.025
  4.4191   5.5025 0.025
  4.3445   5.5162 0.025
  4.2594   5.5306 0.025
  4.1659   5.5409 0.025
  4.0676   5.5430 0.025
  3.9689   5.5334 0.025
  3.8748   5.5098 0.025
  3.7904   5.4712 0.025
  3.7207   5.4182 0.025
  3.6696   5.3523 0.025
  3.6400   5.2763 0.025
  3.6333   5.1938 0.025
  3.6495   5.1088 0.025
  3.6868   5.0251 0.025
  3.7419   4.9463 0.025
  3.8105   4.8750 0.025
  3.8874   4.8129 0.025
  3.9669   4.7603 0.025
  4.0436   4.7164 0.025
  4.1126   4.6792 0.025
  4.1700   4.6459 0.025
  4.2133   4.6130 0.025
  4.2415   4.5769 0.025
  4.2551   4.5342 0.025
  4.2560   4.4822 0.025
  4.2475   4.4191 0.025
  4.2338   4.3445 0.025
  4.2194   4.2594 0.025
  4.2091   4.1659 0.025
  4.2070   4.0676 0.025
  4.2166   3.9689 0.025
  4.2402   3.8748 0.025
  4.2788   3.7904 0.025
  4.3318   3.7207 0.025
  4.3977   3.6696 0.025
  4.4737   3.6400 0.025
  4.5562   3.6333 0.025
  4.6412   3.6495 0.025
  4.7249   3.6868 0.025
  4.8037   3.7419 0.025
  4.8750   3.8105 0.025
  4.9371   3.8874 0.025
  4.9897   3.9669 0.025
  5.0336   4.0436 0.025
  5.0708   4.1126 0.025
  5.1041   4.1700 0.025
  5.1370   4.2133 0.025
  5.1731   4.2415 0.025
  5.2158   4.2551 0.025
  5.2678   4.2560 0.025
  5.3309   4.2475 0.025
  5.4055   4.2338 0.025
  5.4906   4.2194 0.025
  5.5841   4.2091 0.025
  5.6824   4.2070 0.025
  5.7811   4.2166 0.025
  5.8752   4.2402 0.025
  5.9596   4.2788 0.025
  6.0293   4.3318 0.025
  6.0804   4.3977 0.025
  6.1100   4.4737 0.025
  6.1167   4.5562 0.025
  6.1005   4.6412 0.025
  6.0632   4.7249 0.025
  6.0081   4.8037 0.025
